0 1 31
0 4 31
0 6 31
0 7 31
0 8 31
0 9 31
0 10 31
0 12 31
0 13 31
0 14 31
0 15 31
0 16 31
0 18 31
0 22 31
1 0 31
1 2 31
1 4 31
1 6 31
1 8 31
1 12 31
1 14 31
1 18 31
1 20 31
1 22 31
2 0 31
2 2 31
2 4 31
2 6 31
2 8 31
2 12 31
2 14 31
2 18 31
2 20 31
2 22 31
3 0 31
3 2 31
3 4 31
3 6 31
3 8 31
3 12 31
3 14 31
3 19 31
3 21 31
4 0 31
4 3 31
6 6 31
6 10 31
6 12 31
6 16 31
6 19 31
6 20 31
6 21 31
7 0 31
7 1 31
7 2 31
7 3 31
7 4 31
7 6 31
7 7 31
7 8 31
7 9 31
7 10 31
7 12 31
7 13 31
7 14 31
7 15 31
7 16 31
7 18 31
7 22 31
8 2 31
8 6 31
8 10 31
8 12 31
8 16 31
8 18 31
8 22 31
9 2 31
9 18 31
9 22 31
10 2 31
10 19 31
10 20 31
10 21 31
11 0 31
11 1 31
11 2 31
11 3 31
11 4 31
11 6 31
11 7 31
11 8 31
11 9 31
11 10 31
11 12 31
11 13 31
11 14 31
11 15 31
11 16 31
12 6 31
12 8 31
12 12 31
12 14 31
13 6 31
13 8 31
13 9 31
13 12 31
13 14 31
13 15 31
13 19 31
13 20 31
13 21 31
14 0 31
14 4 31
14 6 31
14 8 31
14 10 31
14 12 31
14 14 31
14 16 31
14 18 31
14 22 31
15 0 31
15 1 31
15 2 31
15 3 31
15 4 31
15 7 31
15 13 31
15 18 31
15 22 31
16 0 31
16 4 31
16 18 31
16 22 31
17 19 31
17 20 31
17 21 31
18 6 31
18 7 31
18 8 31
18 9 31
18 10 31
18 12 31
18 13 31
18 14 31
18 15 31
18 16 31
19 0 31
19 1 31
19 2 31
19 3 31
19 4 31
19 6 31
19 8 31
19 10 31
19 12 31
19 14 31
19 16 31
20 0 31
20 2 31
20 4 31
20 6 31
20 8 31
20 10 31
20 12 31
20 14 31
20 16 31
20 19 31
20 20 31
20 21 31
21 0 31
21 2 31
21 4 31
21 6 31
21 8 31
21 10 31
21 12 31
21 14 31
21 16 31
21 18 31
21 22 31
22 0 31
22 2 31
22 4 31
22 6 31
22 10 31
22 12 31
22 16 31
22 18 31
22 22 31
23 0 31
23 4 31
23 18 31
23 22 31
24 19 31
24 20 31
24 21 31
26 0 31
26 1 31
26 2 31
26 3 31
26 4 31
27 4 31
28 4 31
29 4 31
29 7 31
29 10 31
29 12 31
29 13 31
29 14 31
29 15 31
29 16 31
30 4 31
30 6 31
30 8 31
30 10 31
30 12 31
30 14 31
31 6 31
31 8 31
31 10 31
31 12 31
31 14 31
31 18 31
31 19 31
31 20 31
31 21 31
31 22 31
32 6 31
32 8 31
32 10 31
32 12 31
32 14 31
32 18 31
32 20 31
33 0 31
33 1 31
33 2 31
33 3 31
33 4 31
33 6 31
33 9 31
33 13 31
33 18 31
33 20 31
34 0 31
34 4 31
34 18 31
34 20 31
35 0 31
35 4 31
35 19 31
36 0 31
36 4 31
36 6 31
36 7 31
36 8 31
36 9 31
36 10 31
36 13 31
36 14 31
36 15 31
37 1 31
37 2 31
37 3 31
37 6 31
37 8 31
37 12 31
37 16 31
38 6 31
38 8 31
38 12 31
38 16 31
38 19 31
38 20 31
38 21 31
39 6 31
39 8 31
39 12 31
39 16 31
39 18 31
39 22 31
40 1 31
40 4 31
40 7 31
40 13 31
40 14 31
40 15 31
40 18 31
40 22 31
41 0 31
41 2 31
41 4 31
41 18 31
41 22 31
42 0 31
42 2 31
42 4 31
42 19 31
42 20 31
42 21 31
43 0 31
43 2 31
43 4 31
43 6 31
43 7 31
43 8 31
43 9 31
43 10 31
43 12 31
43 13 31
43 14 31
43 15 31
43 16 31
44 0 31
44 3 31
44 6 31
44 8 31
44 10 31
44 15 31
45 6 31
45 8 31
45 10 31
45 13 31
45 14 31
45 18 31
45 22 31
46 6 31
46 8 31
46 10 31
46 15 31
46 18 31
46 19 31
46 20 31
46 21 31
46 22 31
47 6 31
47 10 31
47 12 31
47 13 31
47 14 31
47 15 31
47 16 31
47 18 31
47 22 31
50 6 31
50 7 31
50 8 31
50 9 31
50 10 31
50 12 31
50 13 31
50 14 31
50 15 31
50 16 31
50 18 31
50 19 31
50 20 31
50 21 31
50 22 31
51 6 31
51 8 31
51 10 31
51 12 31
51 14 31
51 16 31
51 19 31
52 6 31
52 8 31
52 10 31
52 12 31
52 14 31
52 16 31
52 20 31
53 6 31
53 8 31
53 10 31
53 12 31
53 14 31
53 16 31
53 21 31
54 6 31
54 10 31
54 12 31
54 16 31
54 18 31
54 19 31
54 20 31
54 21 31
54 22 31
57 6 31
57 7 31
57 8 31
57 9 31
57 10 31
57 12 31
57 13 31
57 14 31
57 15 31
57 16 31
57 18 31
58 6 31
58 10 31
58 12 31
58 14 31
58 18 31
59 6 31
59 10 31
59 12 31
59 14 31
59 15 31
59 18 31
59 19 31
59 20 31
59 21 31
59 22 31
60 6 31
60 10 31
60 12 31
60 14 31
60 16 31
60 18 31
61 7 31
61 8 31
61 9 31
61 13 31
61 18 31
64 19 31
64 22 31
65 18 31
65 20 31
65 22 31
66 18 31
66 20 31
66 22 31
67 18 31
67 20 31
67 22 31
68 18 31
68 21 31
999 999 999
