0 3 43
0 4 44
0 5 43
1 2 42
1 6 42
2 2 42
2 3 43
2 4 44
2 5 43
2 6 42
3 3 41
3 4 40
3 5 41
4 2 42
4 6 42
5 1 43
5 2 42
5 3 43
5 4 44
5 5 43
5 6 42
5 7 43
6 0 41
6 3 41
6 4 40
6 5 41
6 8 41
7 1 43
7 2 42
7 6 42
7 7 43
8 2 42
8 3 43
8 4 44
8 5 43
8 6 42
9 3 41
9 4 40
9 5 41
10 2 42
10 6 42
11 1 43
11 2 42
11 3 43
11 4 44
11 5 43
11 6 42
11 7 43
12 0 41
12 3 41
12 4 40
12 5 41
12 8 41
13 1 43
13 2 42
13 6 42
13 7 43
14 2 42
14 3 43
14 4 44
14 5 43
14 6 42
15 3 41
15 4 40
15 5 41
16 2 42
16 6 42
17 2 42
17 3 43
17 4 44
17 5 43
17 6 42
18 3 41
18 4 40
18 5 41
999 999 999
