1 3 33
2 2 33
2 3 55
2 4 33
3 1 33
3 2 55
3 3 54
3 4 55
3 5 33
4 0 33
4 1 55
4 2 54
4 3 53
4 4 54
4 5 55
4 6 33
5 0 55
5 1 54
5 2 53
5 3 52
5 4 53
5 5 54
5 6 55
6 0 55
6 1 54
6 2 53
6 3 52
6 4 53
6 5 54
6 6 55
7 0 55
7 1 54
7 2 53
7 3 52
7 4 53
7 5 54
7 6 55
8 0 55
8 1 54
8 2 53
8 3 52
8 4 53
8 5 54
8 6 55
9 0 55
9 1 54
9 2 53
9 3 52
9 4 53
9 5 54
9 6 55
10 0 55
10 1 54
10 2 53
10 3 52
10 4 53
10 5 54
10 6 55
11 0 55
11 1 54
11 2 53
11 3 52
11 4 53
11 5 54
11 6 55
12 0 55
12 1 54
12 2 53
12 3 52
12 4 53
12 5 54
12 6 55
13 0 55
13 1 54
13 2 53
13 3 52
13 4 53
13 5 54
13 6 55
14 0 55
14 1 54
14 2 53
14 3 52
14 4 53
14 5 54
14 6 55
15 0 55
15 1 54
15 2 53
15 3 52
15 4 53
15 5 54
15 6 55
16 0 55
16 1 54
16 2 53
16 3 52
16 4 53
16 5 54
16 6 55
17 0 55
17 1 54
17 2 53
17 3 52
17 4 53
17 5 54
17 6 55
18 0 55
18 1 54
18 2 53
18 3 52
18 4 53
18 5 54
18 6 55
19 0 55
19 1 54
19 2 53
19 3 52
19 4 53
19 5 54
19 6 55
20 0 55
20 1 54
20 2 53
20 3 52
20 4 53
20 5 54
20 6 55
21 0 55
21 1 54
21 2 53
21 3 52
21 4 53
21 5 54
21 6 55
22 0 55
22 1 54
22 2 53
22 3 52
22 4 53
22 5 54
22 6 55
23 0 55
23 1 54
23 2 53
23 3 52
23 4 53
23 5 54
23 6 55
24 0 55
24 1 54
24 2 53
24 3 52
24 4 53
24 5 54
24 6 55
25 0 55
25 1 54
25 2 53
25 3 52
25 4 53
25 5 54
25 6 55
26 0 55
26 1 54
26 2 53
26 3 52
26 4 53
26 5 54
26 6 55
27 0 55
27 1 54
27 2 53
27 3 52
27 4 53
27 5 54
27 6 55
28 0 55
28 1 54
28 2 53
28 3 52
28 4 53
28 5 54
28 6 55
29 0 55
29 1 54
29 2 53
29 3 52
29 4 53
29 5 54
29 6 55
30 0 55
30 1 54
30 2 53
30 3 52
30 4 53
30 5 54
30 6 55
31 0 55
31 1 54
31 2 53
31 3 52
31 4 53
31 5 54
31 6 55
32 0 55
32 1 54
32 2 53
32 3 52
32 4 53
32 5 54
32 6 55
33 0 33
33 1 55
33 2 54
33 3 53
33 4 54
33 5 55
33 6 33
34 1 33
34 2 55
34 3 54
34 4 55
34 5 33
35 2 33
35 3 55
35 4 33
36 3 33
999 999 999
