0 0 255
0 2 255
0 4 255
0 33 31
1 0 255
1 2 255
1 4 255
1 33 31
2 0 255
2 2 255
2 4 255
2 33 31
3 0 255
3 2 255
3 4 255
3 6 255
3 8 255
3 10 255
3 12 255
3 14 255
3 16 255
3 18 255
3 20 255
3 22 255
3 24 255
3 26 255
3 28 255
3 33 31
4 0 255
4 2 255
4 4 255
4 6 255
4 8 255
4 10 255
4 12 255
4 14 255
4 16 255
4 18 255
4 20 255
4 22 255
4 24 255
4 26 255
4 28 255
4 33 31
5 0 255
5 2 255
5 4 255
5 6 255
5 8 255
5 10 255
5 12 255
5 14 255
5 16 255
5 18 255
5 20 255
5 22 255
5 24 255
5 26 255
5 28 255
5 33 31
6 0 255
6 2 255
6 4 255
6 6 255
6 8 255
6 10 255
6 12 255
6 14 255
6 16 255
6 18 255
6 20 255
6 22 255
6 24 255
6 26 255
6 28 255
6 33 31
7 0 255
7 2 255
7 4 255
7 6 255
7 8 255
7 10 255
7 12 255
7 14 255
7 16 255
7 18 255
7 20 255
7 22 255
7 24 255
7 26 255
7 28 255
7 33 31
8 0 255
8 2 255
8 4 255
8 6 255
8 8 255
8 10 255
8 12 255
8 14 255
8 16 255
8 18 255
8 20 255
8 22 255
8 24 255
8 26 255
8 28 255
8 33 31
9 0 255
9 2 255
9 4 255
9 24 255
9 26 255
9 28 255
9 33 31
9 53 31
9 54 31
9 55 31
9 56 31
9 57 31
9 58 31
9 59 31
9 65 31
9 66 31
9 93 31
9 135 30
9 136 30
9 137 30
9 138 30
9 139 30
10 0 255
10 2 255
10 4 255
10 24 255
10 26 255
10 28 255
10 33 31
10 53 31
10 54 31
10 55 31
10 56 31
10 57 31
10 58 31
10 59 31
10 65 31
10 66 31
10 67 31
10 93 31
10 101 31
10 102 31
10 103 31
10 109 31
10 110 31
10 111 31
10 117 31
10 118 31
10 119 31
10 134 30
10 135 30
10 136 30
10 137 30
10 138 30
10 139 30
11 0 255
11 2 255
11 4 255
11 24 255
11 26 255
11 28 255
11 33 31
11 53 31
11 56 31
11 67 31
11 93 31
11 94 31
11 95 31
11 96 31
11 97 31
11 98 31
11 99 31
11 101 31
11 102 31
11 103 31
11 109 31
11 110 31
11 111 31
11 117 31
11 118 31
11 119 31
11 133 30
11 134 30
11 137 30
12 0 255
12 2 255
12 4 255
12 24 255
12 26 255
12 28 255
12 33 31
12 53 31
12 56 31
12 61 31
12 67 31
12 93 31
12 94 31
12 95 31
12 96 31
12 97 31
12 98 31
12 99 31
12 133 30
12 137 30
13 0 255
13 2 255
13 4 255
13 24 255
13 26 255
13 28 255
13 33 31
13 53 31
13 56 31
13 61 31
13 67 31
13 93 31
13 101 31
13 102 31
13 103 31
13 109 31
13 110 31
13 111 31
13 117 31
13 118 31
13 119 31
13 133 30
13 134 30
13 137 30
14 0 255
14 2 255
14 4 255
14 24 255
14 26 255
14 28 255
14 33 31
14 53 31
14 54 31
14 55 31
14 56 31
14 61 31
14 62 31
14 63 31
14 64 31
14 65 31
14 66 31
14 67 31
14 93 31
14 101 31
14 102 31
14 103 31
14 109 31
14 110 31
14 111 31
14 117 31
14 118 31
14 119 31
14 134 30
14 135 30
14 136 30
14 137 30
14 138 30
14 139 30
15 0 255
15 2 255
15 4 255
15 24 255
15 26 255
15 28 255
15 33 31
15 54 31
15 55 31
15 61 31
15 62 31
15 63 31
15 64 31
15 65 31
15 66 31
15 135 30
15 136 30
15 137 30
15 138 30
15 139 30
16 0 255
16 2 255
16 4 255
16 6 255
16 22 255
16 24 255
16 26 255
16 28 255
16 33 31
17 0 255
17 2 255
17 4 255
17 6 255
17 8 255
17 20 255
17 22 255
17 24 255
17 26 255
17 28 255
17 33 31
17 93 31
17 94 31
17 95 31
17 96 31
17 97 31
17 98 31
17 99 31
17 101 31
17 102 31
17 103 31
17 104 31
17 105 31
17 106 31
17 107 31
17 109 31
17 110 31
17 111 31
17 112 31
17 113 31
17 114 31
17 115 31
17 117 31
17 118 31
17 119 31
17 120 31
17 121 31
17 122 31
17 123 31
18 2 255
18 4 255
18 6 255
18 8 255
18 10 255
18 12 255
18 14 255
18 16 255
18 18 255
18 20 255
18 22 255
18 24 255
18 26 255
18 33 31
18 53 31
18 54 31
18 55 31
18 56 31
18 57 31
18 58 31
18 59 31
18 63 31
18 64 31
18 65 31
18 66 31
18 67 31
18 93 31
18 94 31
18 95 31
18 96 31
18 97 31
18 98 31
18 99 31
18 101 31
18 102 31
18 103 31
18 104 31
18 105 31
18 106 31
18 107 31
18 109 31
18 110 31
18 111 31
18 112 31
18 113 31
18 114 31
18 115 31
18 117 31
18 118 31
18 119 31
18 120 31
18 121 31
18 122 31
18 123 31
18 133 30
18 134 30
18 135 30
18 136 30
18 137 30
18 138 30
18 139 30
19 2 255
19 4 255
19 6 255
19 8 255
19 10 255
19 12 255
19 14 255
19 16 255
19 18 255
19 20 255
19 22 255
19 24 255
19 26 255
19 33 31
19 53 31
19 54 31
19 55 31
19 56 31
19 57 31
19 58 31
19 59 31
19 62 31
19 63 31
19 64 31
19 65 31
19 66 31
19 67 31
19 96 31
19 101 31
19 104 31
19 110 31
19 111 31
19 117 31
19 120 31
19 133 30
19 134 30
19 135 30
19 136 30
19 137 30
19 138 30
19 139 30
20 2 255
20 4 255
20 6 255
20 8 255
20 10 255
20 12 255
20 14 255
20 16 255
20 18 255
20 20 255
20 22 255
20 24 255
20 26 255
20 33 31
20 53 31
20 56 31
20 61 31
20 62 31
20 65 31
20 96 31
20 101 31
20 104 31
20 111 31
20 112 31
20 117 31
20 120 31
20 134 30
20 135 30
21 4 255
21 6 255
21 8 255
21 10 255
21 12 255
21 14 255
21 16 255
21 18 255
21 20 255
21 22 255
21 24 255
21 33 31
21 53 31
21 56 31
21 61 31
21 65 31
21 96 31
21 101 31
21 104 31
21 110 31
21 111 31
21 117 31
21 120 31
21 135 30
21 136 30
22 4 255
22 6 255
22 8 255
22 10 255
22 12 255
22 14 255
22 16 255
22 18 255
22 20 255
22 22 255
22 24 255
22 33 31
22 53 31
22 56 31
22 61 31
22 62 31
22 65 31
22 93 31
22 94 31
22 95 31
22 96 31
22 97 31
22 98 31
22 99 31
22 101 31
22 102 31
22 103 31
22 104 31
22 109 31
22 110 31
22 111 31
22 112 31
22 113 31
22 114 31
22 115 31
22 117 31
22 118 31
22 119 31
22 120 31
22 136 30
22 137 30
23 6 255
23 8 255
23 10 255
23 12 255
23 14 255
23 16 255
23 18 255
23 20 255
23 22 255
23 33 31
23 53 31
23 54 31
23 55 31
23 56 31
23 57 31
23 58 31
23 59 31
23 62 31
23 63 31
23 64 31
23 65 31
23 66 31
23 67 31
23 93 31
23 94 31
23 95 31
23 96 31
23 97 31
23 98 31
23 99 31
23 102 31
23 103 31
23 109 31
23 110 31
23 111 31
23 112 31
23 113 31
23 114 31
23 115 31
23 118 31
23 119 31
23 133 30
23 134 30
23 135 30
23 136 30
23 137 30
23 138 30
23 139 30
24 8 255
24 10 255
24 12 255
24 14 255
24 16 255
24 18 255
24 20 255
24 33 31
24 54 31
24 55 31
24 57 31
24 58 31
24 59 31
24 63 31
24 64 31
24 65 31
24 66 31
24 67 31
24 133 30
24 134 30
24 135 30
24 136 30
24 137 30
24 138 30
24 139 30
25 33 31
26 33 31
26 95 31
26 96 31
26 97 31
26 98 31
26 99 31
26 102 31
26 103 31
26 104 31
26 105 31
26 106 31
26 119 31
26 120 31
26 121 31
26 122 31
26 123 31
27 33 31
27 54 31
27 55 31
27 56 31
27 57 31
27 58 31
27 62 31
27 66 31
27 94 31
27 95 31
27 96 31
27 97 31
27 98 31
27 99 31
27 101 31
27 102 31
27 103 31
27 104 31
27 105 31
27 106 31
27 107 31
27 109 31
27 115 31
27 118 31
27 119 31
27 120 31
27 121 31
27 122 31
27 123 31
27 133 30
27 134 30
27 135 30
27 136 30
27 137 30
27 138 30
27 139 30
28 33 31
28 53 31
28 54 31
28 55 31
28 56 31
28 57 31
28 58 31
28 59 31
28 61 31
28 62 31
28 63 31
28 66 31
28 67 31
28 93 31
28 94 31
28 97 31
28 101 31
28 107 31
28 109 31
28 110 31
28 111 31
28 112 31
28 113 31
28 114 31
28 115 31
28 117 31
28 118 31
28 121 31
28 133 30
28 134 30
28 135 30
28 136 30
28 137 30
28 138 30
28 139 30
29 33 31
29 53 31
29 59 31
29 61 31
29 63 31
29 64 31
29 67 31
29 93 31
29 97 31
29 101 31
29 107 31
29 109 31
29 110 31
29 111 31
29 112 31
29 113 31
29 114 31
29 115 31
29 117 31
29 121 31
29 133 30
29 139 30
30 33 31
30 53 31
30 59 31
30 61 31
30 64 31
30 65 31
30 67 31
30 93 31
30 94 31
30 97 31
30 101 31
30 107 31
30 109 31
30 115 31
30 117 31
30 118 31
30 121 31
30 133 30
30 139 30
31 6 255
31 8 255
31 10 255
31 12 255
31 14 255
31 16 255
31 18 255
31 20 255
31 22 255
31 33 31
31 53 31
31 59 31
31 61 31
31 62 31
31 65 31
31 66 31
31 67 31
31 94 31
31 95 31
31 96 31
31 97 31
31 98 31
31 99 31
31 101 31
31 102 31
31 103 31
31 106 31
31 107 31
31 118 31
31 119 31
31 120 31
31 121 31
31 122 31
31 123 31
31 133 30
31 134 30
31 138 30
31 139 30
32 4 255
32 6 255
32 8 255
32 10 255
32 12 255
32 14 255
32 16 255
32 18 255
32 20 255
32 22 255
32 24 255
32 33 31
32 53 31
32 54 31
32 55 31
32 56 31
32 57 31
32 58 31
32 59 31
32 62 31
32 66 31
32 95 31
32 96 31
32 97 31
32 98 31
32 99 31
32 102 31
32 103 31
32 106 31
32 119 31
32 120 31
32 121 31
32 122 31
32 123 31
32 134 30
32 135 30
32 136 30
32 137 30
32 138 30
33 2 255
33 4 255
33 6 255
33 8 255
33 10 255
33 12 255
33 14 255
33 16 255
33 18 255
33 20 255
33 22 255
33 24 255
33 26 255
33 33 31
33 54 31
33 55 31
33 56 31
33 57 31
33 58 31
33 109 31
33 110 31
33 111 31
33 112 31
33 113 31
33 114 31
33 115 31
33 135 30
33 136 30
33 137 30
34 2 255
34 4 255
34 6 255
34 8 255
34 10 255
34 12 255
34 14 255
34 16 255
34 18 255
34 20 255
34 22 255
34 24 255
34 26 255
34 33 31
34 109 31
34 110 31
34 111 31
34 112 31
34 113 31
34 114 31
34 115 31
35 0 255
35 2 255
35 4 255
35 6 255
35 8 255
35 10 255
35 12 255
35 14 255
35 16 255
35 18 255
35 20 255
35 22 255
35 24 255
35 26 255
35 28 255
35 33 31
35 62 31
35 63 31
35 64 31
35 65 31
35 66 31
35 93 31
35 94 31
35 95 31
35 96 31
35 97 31
35 98 31
35 99 31
35 102 31
35 103 31
35 104 31
35 105 31
35 106 31
35 112 31
35 118 31
35 122 31
36 0 255
36 2 255
36 4 255
36 6 255
36 8 255
36 10 255
36 12 255
36 14 255
36 16 255
36 18 255
36 20 255
36 22 255
36 24 255
36 26 255
36 28 255
36 33 31
36 54 31
36 55 31
36 56 31
36 57 31
36 58 31
36 61 31
36 62 31
36 63 31
36 64 31
36 65 31
36 66 31
36 67 31
36 93 31
36 94 31
36 95 31
36 96 31
36 97 31
36 98 31
36 99 31
36 101 31
36 102 31
36 103 31
36 104 31
36 105 31
36 106 31
36 107 31
36 111 31
36 112 31
36 113 31
36 117 31
36 118 31
36 119 31
36 122 31
36 123 31
37 0 255
37 2 255
37 4 255
37 6 255
37 8 255
37 10 255
37 12 255
37 14 255
37 16 255
37 18 255
37 20 255
37 22 255
37 24 255
37 26 255
37 28 255
37 33 31
37 53 31
37 54 31
37 55 31
37 56 31
37 57 31
37 58 31
37 59 31
37 61 31
37 67 31
37 94 31
37 95 31
37 101 31
37 107 31
37 110 31
37 111 31
37 113 31
37 114 31
37 117 31
37 119 31
37 120 31
37 123 31
38 0 255
38 2 255
38 4 255
38 6 255
38 10 255
38 12 255
38 14 255
38 22 255
38 24 255
38 26 255
38 28 255
38 33 31
38 53 31
38 59 31
38 61 31
38 67 31
38 95 31
38 96 31
38 101 31
38 107 31
38 109 31
38 110 31
38 114 31
38 115 31
38 117 31
38 120 31
38 121 31
38 123 31
39 0 255
39 2 255
39 4 255
39 10 255
39 12 255
39 14 255
39 24 255
39 26 255
39 28 255
39 33 31
39 53 31
39 59 31
39 61 31
39 67 31
39 96 31
39 97 31
39 101 31
39 104 31
39 107 31
39 109 31
39 115 31
39 117 31
39 118 31
39 121 31
39 122 31
39 123 31
40 0 255
40 2 255
40 4 255
40 10 255
40 12 255
40 14 255
40 24 255
40 26 255
40 28 255
40 33 31
40 53 31
40 56 31
40 59 31
40 61 31
40 62 31
40 63 31
40 64 31
40 65 31
40 66 31
40 67 31
40 93 31
40 94 31
40 95 31
40 96 31
40 97 31
40 98 31
40 99 31
40 101 31
40 102 31
40 104 31
40 105 31
40 106 31
40 107 31
40 118 31
40 122 31
41 0 255
41 2 255
41 4 255
41 10 255
41 12 255
41 14 255
41 24 255
41 26 255
41 28 255
41 33 31
41 53 31
41 54 31
41 56 31
41 57 31
41 58 31
41 59 31
41 62 31
41 63 31
41 64 31
41 65 31
41 66 31
41 93 31
41 94 31
41 95 31
41 96 31
41 97 31
41 98 31
41 99 31
41 102 31
41 104 31
41 105 31
41 106 31
41 107 31
41 133 30
41 134 30
42 0 255
42 2 255
42 4 255
42 10 255
42 12 255
42 14 255
42 24 255
42 26 255
42 28 255
42 33 31
42 54 31
42 56 31
42 57 31
42 58 31
42 59 31
42 109 31
42 110 31
42 111 31
42 112 31
42 113 31
42 114 31
42 115 31
42 133 30
42 134 30
42 135 30
43 0 255
43 2 255
43 4 255
43 10 255
43 12 255
43 14 255
43 24 255
43 26 255
43 28 255
43 33 31
43 109 31
43 110 31
43 111 31
43 112 31
43 113 31
43 114 31
43 115 31
43 118 31
43 119 31
43 120 31
43 121 31
43 122 31
43 135 30
43 136 30
44 0 255
44 2 255
44 4 255
44 10 255
44 12 255
44 14 255
44 24 255
44 26 255
44 28 255
44 33 31
44 61 31
44 62 31
44 63 31
44 64 31
44 65 31
44 66 31
44 67 31
44 93 31
44 94 31
44 95 31
44 96 31
44 97 31
44 98 31
44 99 31
44 101 31
44 102 31
44 103 31
44 104 31
44 105 31
44 106 31
44 107 31
44 109 31
44 112 31
44 115 31
44 117 31
44 118 31
44 119 31
44 120 31
44 121 31
44 122 31
44 123 31
44 136 30
44 137 30
44 138 30
44 139 30
45 0 255
45 2 255
45 4 255
45 6 255
45 10 255
45 12 255
45 14 255
45 24 255
45 26 255
45 28 255
45 33 31
45 53 31
45 54 31
45 55 31
45 56 31
45 57 31
45 58 31
45 59 31
45 61 31
45 62 31
45 63 31
45 64 31
45 65 31
45 66 31
45 67 31
45 93 31
45 94 31
45 95 31
45 96 31
45 97 31
45 98 31
45 99 31
45 101 31
45 102 31
45 103 31
45 104 31
45 105 31
45 106 31
45 107 31
45 109 31
45 112 31
45 115 31
45 117 31
45 123 31
45 136 30
45 137 30
45 138 30
45 139 30
46 0 255
46 2 255
46 4 255
46 6 255
46 10 255
46 12 255
46 14 255
46 24 255
46 26 255
46 28 255
46 33 31
46 53 31
46 54 31
46 55 31
46 56 31
46 57 31
46 58 31
46 59 31
46 62 31
46 63 31
46 96 31
46 101 31
46 104 31
46 109 31
46 112 31
46 115 31
46 117 31
46 123 31
46 135 30
46 136 30
47 0 255
47 2 255
47 4 255
47 6 255
47 10 255
47 12 255
47 14 255
47 24 255
47 26 255
47 28 255
47 33 31
47 53 31
47 56 31
47 63 31
47 64 31
47 95 31
47 96 31
47 97 31
47 101 31
47 104 31
47 109 31
47 112 31
47 115 31
47 117 31
47 123 31
47 133 30
47 134 30
47 135 30
48 0 255
48 2 255
48 4 255
48 6 255
48 10 255
48 12 255
48 14 255
48 24 255
48 26 255
48 28 255
48 33 31
48 53 31
48 56 31
48 64 31
48 65 31
48 94 31
48 95 31
48 97 31
48 98 31
48 101 31
48 104 31
48 109 31
48 115 31
48 117 31
48 118 31
48 119 31
48 122 31
48 123 31
48 133 30
48 134 30
49 0 255
49 2 255
49 4 255
49 6 255
49 10 255
49 12 255
49 14 255
49 24 255
49 26 255
49 28 255
49 33 31
49 53 31
49 56 31
49 61 31
49 62 31
49 63 31
49 64 31
49 65 31
49 66 31
49 67 31
49 93 31
49 94 31
49 98 31
49 99 31
49 101 31
49 102 31
49 103 31
49 104 31
49 118 31
49 119 31
49 122 31
50 0 255
50 2 255
50 4 255
50 6 255
50 10 255
50 12 255
50 14 255
50 24 255
50 26 255
50 28 255
50 33 31
50 53 31
50 54 31
50 55 31
50 56 31
50 57 31
50 58 31
50 59 31
50 61 31
50 62 31
50 63 31
50 64 31
50 65 31
50 66 31
50 67 31
50 93 31
50 99 31
50 102 31
50 103 31
51 33 31
51 54 31
51 55 31
51 57 31
51 58 31
51 59 31
51 134 30
51 135 30
51 136 30
51 137 30
51 138 30
52 33 31
52 109 31
52 110 31
52 111 31
52 119 31
52 120 31
52 121 31
52 122 31
52 123 31
52 133 30
52 134 30
52 135 30
52 136 30
52 137 30
52 138 30
52 139 30
53 33 31
53 94 31
53 98 31
53 101 31
53 102 31
53 103 31
53 104 31
53 105 31
53 106 31
53 107 31
53 109 31
53 110 31
53 111 31
53 118 31
53 119 31
53 120 31
53 121 31
53 122 31
53 123 31
53 133 30
53 139 30
54 33 31
54 55 31
54 56 31
54 57 31
54 58 31
54 59 31
54 93 31
54 94 31
54 95 31
54 98 31
54 99 31
54 101 31
54 102 31
54 103 31
54 104 31
54 105 31
54 106 31
54 107 31
54 117 31
54 118 31
54 121 31
54 133 30
54 139 30
55 33 31
55 54 31
55 55 31
55 56 31
55 57 31
55 58 31
55 59 31
55 93 31
55 95 31
55 96 31
55 99 31
55 101 31
55 104 31
55 107 31
55 109 31
55 110 31
55 111 31
55 117 31
55 121 31
55 133 30
55 139 30
56 33 31
56 53 31
56 54 31
56 57 31
56 93 31
56 96 31
56 97 31
56 99 31
56 101 31
56 104 31
56 107 31
56 109 31
56 110 31
56 111 31
56 117 31
56 118 31
56 121 31
56 133 30
56 134 30
56 135 30
56 136 30
56 137 30
56 138 30
56 139 30
57 4 255
57 6 255
57 8 255
57 10 255
57 24 255
57 26 255
57 28 255
57 33 31
57 53 31
57 57 31
57 93 31
57 94 31
57 97 31
57 98 31
57 99 31
57 101 31
57 104 31
57 107 31
57 118 31
57 119 31
57 120 31
57 121 31
57 122 31
57 123 31
57 134 30
57 135 30
57 136 30
57 137 30
57 138 30
58 2 255
58 4 255
58 6 255
58 8 255
58 10 255
58 12 255
58 24 255
58 26 255
58 28 255
58 33 31
58 53 31
58 54 31
58 57 31
58 61 31
58 62 31
58 63 31
58 64 31
58 65 31
58 66 31
58 67 31
58 94 31
58 98 31
58 101 31
58 104 31
58 107 31
58 119 31
58 120 31
58 121 31
58 122 31
58 123 31
59 2 255
59 4 255
59 6 255
59 8 255
59 10 255
59 12 255
59 24 255
59 26 255
59 28 255
59 33 31
59 54 31
59 55 31
59 56 31
59 57 31
59 58 31
59 59 31
59 61 31
59 62 31
59 63 31
59 64 31
59 65 31
59 66 31
59 67 31
59 101 31
59 107 31
60 0 255
60 2 255
60 4 255
60 6 255
60 8 255
60 10 255
60 12 255
60 14 255
60 24 255
60 26 255
60 28 255
60 33 31
60 55 31
60 56 31
60 57 31
60 58 31
60 59 31
60 61 31
60 64 31
60 133 30
60 134 30
60 135 30
60 136 30
60 137 30
60 138 30
61 0 255
61 2 255
61 4 255
61 6 255
61 8 255
61 10 255
61 12 255
61 14 255
61 24 255
61 26 255
61 28 255
61 33 31
61 61 31
61 64 31
61 117 31
61 118 31
61 119 31
61 120 31
61 121 31
61 122 31
61 123 31
61 133 30
61 134 30
61 135 30
61 136 30
61 137 30
61 138 30
61 139 30
62 0 255
62 2 255
62 4 255
62 6 255
62 8 255
62 10 255
62 12 255
62 14 255
62 24 255
62 26 255
62 28 255
62 33 31
62 61 31
62 64 31
62 117 31
62 118 31
62 119 31
62 120 31
62 121 31
62 122 31
62 123 31
62 139 30
63 0 255
63 2 255
63 4 255
63 10 255
63 12 255
63 14 255
63 24 255
63 26 255
63 28 255
63 33 31
63 53 31
63 54 31
63 55 31
63 56 31
63 57 31
63 58 31
63 59 31
63 61 31
63 64 31
63 101 31
63 102 31
63 103 31
63 123 31
63 139 30
64 0 255
64 2 255
64 4 255
64 10 255
64 12 255
64 14 255
64 24 255
64 26 255
64 28 255
64 33 31
64 53 31
64 54 31
64 55 31
64 56 31
64 57 31
64 58 31
64 59 31
64 61 31
64 101 31
64 102 31
64 103 31
64 109 31
64 110 31
64 111 31
64 112 31
64 113 31
64 114 31
64 115 31
64 123 31
64 139 30
65 0 255
65 2 255
65 4 255
65 10 255
65 12 255
65 14 255
65 24 255
65 26 255
65 28 255
65 33 31
65 54 31
65 55 31
65 109 31
65 110 31
65 111 31
65 112 31
65 113 31
65 114 31
65 115 31
65 123 31
65 133 30
65 134 30
65 135 30
65 136 30
65 137 30
65 138 30
65 139 30
66 0 255
66 2 255
66 4 255
66 10 255
66 12 255
66 14 255
66 24 255
66 26 255
66 28 255
66 33 31
66 55 31
66 56 31
66 93 31
66 101 31
66 102 31
66 103 31
66 109 31
66 112 31
66 123 31
66 133 30
66 134 30
66 135 30
66 136 30
66 137 30
66 138 30
67 0 255
67 2 255
67 4 255
67 10 255
67 12 255
67 14 255
67 24 255
67 26 255
67 28 255
67 33 31
67 54 31
67 55 31
67 93 31
67 101 31
67 102 31
67 103 31
67 109 31
67 112 31
67 123 31
68 0 255
68 2 255
68 4 255
68 10 255
68 12 255
68 14 255
68 24 255
68 26 255
68 28 255
68 33 31
68 53 31
68 54 31
68 55 31
68 56 31
68 57 31
68 58 31
68 59 31
68 61 31
68 67 31
68 93 31
68 94 31
68 95 31
68 96 31
68 97 31
68 98 31
68 99 31
68 109 31
68 112 31
69 0 255
69 2 255
69 4 255
69 10 255
69 12 255
69 14 255
69 22 255
69 24 255
69 26 255
69 28 255
69 33 31
69 53 31
69 54 31
69 55 31
69 56 31
69 57 31
69 58 31
69 59 31
69 61 31
69 62 31
69 63 31
69 64 31
69 65 31
69 66 31
69 67 31
69 93 31
69 94 31
69 95 31
69 96 31
69 97 31
69 98 31
69 99 31
69 109 31
69 112 31
70 0 255
70 2 255
70 4 255
70 10 255
70 12 255
70 14 255
70 22 255
70 24 255
70 26 255
70 28 255
70 33 31
70 61 31
70 62 31
70 63 31
70 64 31
70 65 31
70 66 31
70 67 31
70 93 31
70 109 31
71 0 255
71 2 255
71 4 255
71 10 255
71 12 255
71 14 255
71 16 255
71 18 255
71 20 255
71 22 255
71 24 255
71 26 255
71 28 255
71 33 31
71 61 31
71 67 31
71 93 31
72 0 255
72 2 255
72 4 255
72 10 255
72 12 255
72 14 255
72 16 255
72 18 255
72 20 255
72 22 255
72 24 255
72 26 255
72 28 255
72 33 31
72 53 31
72 54 31
72 55 31
72 56 31
72 57 31
72 58 31
72 59 31
73 0 255
73 2 255
73 4 255
73 10 255
73 12 255
73 14 255
73 16 255
73 18 255
73 20 255
73 22 255
73 24 255
73 26 255
73 33 31
73 53 31
73 54 31
73 55 31
73 56 31
73 57 31
73 58 31
73 59 31
73 110 31
73 111 31
73 112 31
73 113 31
73 114 31
73 118 31
73 119 31
73 122 31
73 123 31
74 0 255
74 2 255
74 4 255
74 12 255
74 14 255
74 16 255
74 18 255
74 20 255
74 22 255
74 24 255
74 26 255
74 33 31
74 54 31
74 55 31
74 61 31
74 62 31
74 63 31
74 64 31
74 65 31
74 66 31
74 67 31
74 94 31
74 95 31
74 96 31
74 97 31
74 98 31
74 109 31
74 110 31
74 111 31
74 112 31
74 113 31
74 114 31
74 115 31
74 118 31
74 119 31
74 122 31
74 123 31
74 133 30
74 134 30
74 135 30
74 136 30
74 137 30
74 138 30
74 139 30
75 12 255
75 14 255
75 16 255
75 18 255
75 20 255
75 22 255
75 24 255
75 33 31
75 55 31
75 56 31
75 61 31
75 62 31
75 63 31
75 64 31
75 65 31
75 66 31
75 67 31
75 93 31
75 94 31
75 95 31
75 96 31
75 97 31
75 98 31
75 99 31
75 101 31
75 102 31
75 103 31
75 104 31
75 105 31
75 106 31
75 107 31
75 109 31
75 115 31
75 133 30
75 134 30
75 135 30
75 136 30
75 137 30
75 138 30
75 139 30
76 14 255
76 16 255
76 18 255
76 20 255
76 22 255
76 33 31
76 54 31
76 55 31
76 61 31
76 64 31
76 67 31
76 93 31
76 99 31
76 101 31
76 102 31
76 103 31
76 104 31
76 105 31
76 106 31
76 107 31
76 109 31
76 115 31
76 133 30
76 136 30
77 33 31
77 53 31
77 54 31
77 55 31
77 56 31
77 57 31
77 58 31
77 59 31
77 61 31
77 64 31
77 67 31
77 93 31
77 99 31
77 101 31
77 104 31
77 109 31
77 115 31
77 133 30
77 136 30
78 33 31
78 53 31
78 54 31
78 55 31
78 56 31
78 57 31
78 58 31
78 59 31
78 61 31
78 64 31
78 67 31
78 93 31
78 99 31
78 101 31
78 104 31
78 109 31
78 110 31
78 111 31
78 112 31
78 113 31
78 114 31
78 115 31
78 133 30
78 136 30
79 33 31
79 61 31
79 64 31
79 67 31
79 93 31
79 94 31
79 95 31
79 96 31
79 97 31
79 98 31
79 99 31
79 101 31
79 104 31
79 110 31
79 111 31
79 112 31
79 113 31
79 114 31
79 133 30
79 136 30
80 33 31
80 61 31
80 67 31
80 94 31
80 95 31
80 96 31
80 97 31
80 98 31
80 101 31
80 104 31
80 133 30
81 33 31
81 53 31
81 54 31
81 55 31
81 56 31
81 57 31
81 58 31
81 59 31
81 101 31
82 33 31
82 53 31
82 54 31
82 55 31
82 56 31
82 57 31
82 58 31
82 59 31
82 109 31
82 110 31
82 111 31
82 112 31
82 113 31
82 114 31
82 115 31
82 117 31
82 118 31
82 119 31
82 120 31
82 121 31
82 122 31
82 123 31
83 0 255
83 2 255
83 4 255
83 33 31
83 53 31
83 56 31
83 59 31
83 61 31
83 62 31
83 63 31
83 64 31
83 65 31
83 66 31
83 67 31
83 109 31
83 110 31
83 111 31
83 112 31
83 113 31
83 114 31
83 115 31
83 117 31
83 118 31
83 119 31
83 120 31
83 121 31
83 122 31
83 123 31
83 134 30
83 135 30
83 136 30
83 137 30
83 138 30
84 0 255
84 2 255
84 4 255
84 33 31
84 53 31
84 56 31
84 59 31
84 61 31
84 62 31
84 63 31
84 64 31
84 65 31
84 66 31
84 67 31
84 102 31
84 103 31
84 104 31
84 105 31
84 106 31
84 109 31
84 112 31
84 117 31
84 123 31
84 126 30
84 127 30
84 128 30
84 129 30
84 130 30
84 133 30
84 134 30
84 135 30
84 136 30
84 137 30
84 138 30
84 139 30
85 0 255
85 2 255
85 4 255
85 33 31
85 53 31
85 56 31
85 59 31
85 67 31
85 101 31
85 102 31
85 103 31
85 104 31
85 105 31
85 106 31
85 107 31
85 109 31
85 112 31
85 117 31
85 123 31
85 125 30
85 126 30
85 127 30
85 128 30
85 129 30
85 130 30
85 131 30
85 133 30
85 139 30
86 0 255
86 2 255
86 4 255
86 33 31
86 53 31
86 56 31
86 59 31
86 67 31
86 94 31
86 95 31
86 98 31
86 99 31
86 101 31
86 107 31
86 109 31
86 112 31
86 117 31
86 118 31
86 122 31
86 123 31
86 125 30
86 131 30
86 133 30
86 139 30
87 0 255
87 2 255
87 4 255
87 33 31
87 53 31
87 59 31
87 67 31
87 94 31
87 95 31
87 98 31
87 99 31
87 101 31
87 107 31
87 109 31
87 110 31
87 111 31
87 112 31
87 113 31
87 114 31
87 115 31
87 118 31
87 119 31
87 120 31
87 121 31
87 122 31
87 125 30
87 131 30
87 133 30
87 139 30
88 0 255
88 2 255
88 4 255
88 33 31
88 67 31
88 101 31
88 107 31
88 110 31
88 111 31
88 113 31
88 114 31
88 115 31
88 119 31
88 120 31
88 121 31
88 125 30
88 131 30
88 133 30
88 134 30
88 135 30
88 136 30
88 137 30
88 138 30
88 139 30
89 0 255
89 2 255
89 4 255
89 6 255
89 8 255
89 10 255
89 12 255
89 14 255
89 16 255
89 18 255
89 20 255
89 22 255
89 24 255
89 33 31
89 67 31
89 101 31
89 102 31
89 103 31
89 104 31
89 105 31
89 106 31
89 107 31
89 125 30
89 126 30
89 127 30
89 128 30
89 129 30
89 130 30
89 131 30
89 132 30
89 134 30
89 135 30
89 136 30
89 137 30
89 138 30
90 0 255
90 2 255
90 4 255
90 6 255
90 8 255
90 10 255
90 12 255
90 14 255
90 16 255
90 18 255
90 20 255
90 22 255
90 24 255
90 26 255
90 33 31
90 53 31
90 54 31
90 55 31
90 56 31
90 57 31
90 58 31
90 59 31
90 102 31
90 103 31
90 104 31
90 105 31
90 106 31
90 126 30
90 127 30
90 128 30
90 129 30
90 130 30
90 132 30
91 0 255
91 2 255
91 4 255
91 6 255
91 8 255
91 10 255
91 12 255
91 14 255
91 16 255
91 18 255
91 20 255
91 22 255
91 24 255
91 26 255
91 33 31
91 53 31
91 54 31
91 55 31
91 56 31
91 57 31
91 58 31
91 59 31
91 119 31
91 120 31
91 121 31
91 122 31
91 123 31
92 0 255
92 2 255
92 4 255
92 6 255
92 8 255
92 10 255
92 12 255
92 14 255
92 16 255
92 18 255
92 20 255
92 22 255
92 24 255
92 26 255
92 28 255
92 33 31
92 53 31
92 59 31
92 61 31
92 62 31
92 63 31
92 64 31
92 65 31
92 66 31
92 67 31
92 118 31
92 119 31
92 120 31
92 121 31
92 122 31
92 123 31
92 133 30
92 134 30
92 135 30
92 136 30
92 137 30
92 138 30
92 139 30
93 0 255
93 2 255
93 4 255
93 6 255
93 8 255
93 10 255
93 12 255
93 14 255
93 16 255
93 18 255
93 20 255
93 22 255
93 24 255
93 26 255
93 28 255
93 33 31
93 53 31
93 59 31
93 61 31
93 62 31
93 63 31
93 64 31
93 65 31
93 66 31
93 67 31
93 101 31
93 102 31
93 103 31
93 104 31
93 105 31
93 106 31
93 107 31
93 117 31
93 118 31
93 121 31
93 125 30
93 126 30
93 127 30
93 128 30
93 129 30
93 130 30
93 133 30
93 134 30
93 135 30
93 136 30
93 137 30
93 138 30
93 139 30
94 0 255
94 2 255
94 4 255
94 6 255
94 8 255
94 10 255
94 12 255
94 14 255
94 16 255
94 18 255
94 20 255
94 22 255
94 24 255
94 26 255
94 28 255
94 33 31
94 53 31
94 54 31
94 58 31
94 59 31
94 61 31
94 67 31
94 101 31
94 102 31
94 103 31
94 104 31
94 105 31
94 106 31
94 107 31
94 117 31
94 121 31
94 125 30
94 126 30
94 127 30
94 128 30
94 129 30
94 130 30
94 131 30
94 133 30
94 136 30
95 0 255
95 2 255
95 4 255
95 22 255
95 24 255
95 26 255
95 28 255
95 33 31
95 54 31
95 55 31
95 56 31
95 57 31
95 58 31
95 61 31
95 67 31
95 101 31
95 104 31
95 117 31
95 118 31
95 121 31
95 131 30
95 133 30
95 136 30
96 0 255
96 2 255
96 4 255
96 24 255
96 26 255
96 28 255
96 33 31
96 55 31
96 56 31
96 57 31
96 61 31
96 62 31
96 66 31
96 67 31
96 101 31
96 104 31
96 109 31
96 118 31
96 119 31
96 120 31
96 121 31
96 122 31
96 123 31
96 131 30
96 133 30
96 136 30
97 0 255
97 2 255
97 4 255
97 24 255
97 26 255
97 28 255
97 33 31
97 62 31
97 63 31
97 64 31
97 65 31
97 66 31
97 101 31
97 104 31
97 109 31
97 119 31
97 120 31
97 121 31
97 122 31
97 123 31
97 131 30
97 133 30
97 134 30
97 135 30
97 136 30
97 137 30
97 138 30
97 139 30
98 0 255
98 2 255
98 4 255
98 24 255
98 26 255
98 28 255
98 33 31
98 63 31
98 64 31
98 65 31
98 101 31
98 102 31
98 103 31
98 104 31
98 105 31
98 106 31
98 107 31
98 109 31
98 110 31
98 111 31
98 112 31
98 113 31
98 114 31
98 115 31
98 125 30
98 126 30
98 127 30
98 128 30
98 129 30
98 130 30
98 131 30
98 134 30
98 135 30
98 137 30
98 138 30
98 139 30
99 0 255
99 2 255
99 4 255
99 33 31
99 102 31
99 103 31
99 105 31
99 106 31
99 107 31
99 109 31
99 110 31
99 111 31
99 112 31
99 113 31
99 114 31
99 115 31
99 125 30
99 126 30
99 127 30
99 128 30
99 129 30
99 130 30
100 0 255
100 2 255
100 4 255
100 33 31
100 109 31
100 117 31
101 33 31
101 61 31
101 62 31
101 63 31
101 64 31
101 65 31
101 66 31
101 67 31
101 109 31
101 117 31
102 33 31
102 61 31
102 62 31
102 63 31
102 64 31
102 65 31
102 66 31
102 67 31
102 117 31
102 118 31
102 119 31
102 120 31
102 121 31
102 122 31
102 123 31
102 125 30
102 126 30
102 127 30
102 128 30
102 129 30
102 130 30
102 131 30
103 33 31
103 62 31
103 63 31
103 117 31
103 118 31
103 119 31
103 120 31
103 121 31
103 122 31
103 123 31
103 125 30
103 126 30
103 127 30
103 128 30
103 129 30
103 130 30
103 131 30
104 33 31
104 53 31
104 54 31
104 55 31
104 56 31
104 57 31
104 58 31
104 59 31
104 63 31
104 64 31
104 109 31
104 110 31
104 111 31
104 112 31
104 113 31
104 114 31
104 115 31
104 117 31
104 125 30
104 128 30
104 131 30
105 33 31
105 53 31
105 54 31
105 55 31
105 56 31
105 57 31
105 58 31
105 59 31
105 62 31
105 63 31
105 109 31
105 110 31
105 111 31
105 112 31
105 113 31
105 114 31
105 115 31
105 117 31
105 125 30
105 128 30
105 131 30
106 33 31
106 53 31
106 56 31
106 59 31
106 61 31
106 62 31
106 63 31
106 64 31
106 65 31
106 66 31
106 67 31
106 112 31
106 125 30
106 128 30
106 131 30
106 133 30
106 134 30
106 135 30
106 136 30
106 137 30
106 138 30
106 139 30
107 33 31
107 53 31
107 56 31
107 59 31
107 61 31
107 62 31
107 63 31
107 64 31
107 65 31
107 66 31
107 67 31
107 101 31
107 112 31
107 125 30
107 128 30
107 131 30
107 133 30
107 134 30
107 135 30
107 136 30
107 137 30
107 138 30
107 139 30
108 33 31
108 53 31
108 56 31
108 59 31
108 101 31
108 112 31
108 119 31
108 120 31
108 121 31
108 122 31
108 123 31
108 125 30
108 131 30
108 133 30
108 136 30
109 33 31
109 53 31
109 54 31
109 55 31
109 56 31
109 57 31
109 58 31
109 59 31
109 101 31
109 102 31
109 103 31
109 104 31
109 105 31
109 106 31
109 107 31
109 109 31
109 110 31
109 111 31
109 112 31
109 113 31
109 114 31
109 115 31
109 118 31
109 119 31
109 120 31
109 121 31
109 122 31
109 123 31
109 133 30
109 136 30
110 33 31
110 54 31
110 55 31
110 57 31
110 58 31
110 63 31
110 64 31
110 65 31
110 66 31
110 67 31
110 101 31
110 102 31
110 103 31
110 104 31
110 105 31
110 106 31
110 107 31
110 109 31
110 110 31
110 111 31
110 112 31
110 113 31
110 114 31
110 115 31
110 117 31
110 118 31
110 121 31
110 133 30
110 136 30
111 33 31
111 62 31
111 63 31
111 64 31
111 65 31
111 66 31
111 67 31
111 101 31
111 117 31
111 121 31
111 125 30
111 126 30
111 127 30
111 128 30
111 129 30
111 130 30
111 133 30
111 134 30
111 135 30
111 136 30
112 33 31
112 61 31
112 62 31
112 65 31
112 101 31
112 117 31
112 118 31
112 121 31
112 125 30
112 126 30
112 127 30
112 128 30
112 129 30
112 130 30
112 131 30
112 134 30
112 135 30
113 33 31
113 53 31
113 54 31
113 61 31
113 65 31
113 109 31
113 110 31
113 111 31
113 112 31
113 113 31
113 114 31
113 115 31
113 118 31
113 119 31
113 120 31
113 121 31
113 122 31
113 123 31
113 131 30
114 0 255
114 2 255
114 4 255
114 33 31
114 53 31
114 54 31
114 55 31
114 61 31
114 62 31
114 65 31
114 109 31
114 110 31
114 111 31
114 112 31
114 113 31
114 114 31
114 115 31
114 119 31
114 120 31
114 121 31
114 122 31
114 123 31
114 131 30
115 0 255
115 2 255
115 4 255
115 33 31
115 55 31
115 56 31
115 62 31
115 63 31
115 64 31
115 65 31
115 66 31
115 67 31
115 101 31
115 102 31
115 103 31
115 104 31
115 105 31
115 106 31
115 107 31
115 109 31
115 112 31
115 115 31
115 131 30
115 133 30
115 134 30
115 135 30
115 136 30
115 137 30
115 138 30
115 139 30
116 0 255
116 2 255
116 4 255
116 33 31
116 56 31
116 57 31
116 58 31
116 59 31
116 63 31
116 64 31
116 65 31
116 66 31
116 67 31
116 101 31
116 102 31
116 103 31
116 104 31
116 105 31
116 106 31
116 107 31
116 109 31
116 112 31
116 115 31
116 125 30
116 126 30
116 127 30
116 128 30
116 129 30
116 130 30
116 131 30
116 133 30
116 134 30
116 135 30
116 136 30
116 137 30
116 138 30
116 139 30
117 0 255
117 2 255
117 4 255
117 6 255
117 8 255
117 10 255
117 12 255
117 14 255
117 16 255
117 18 255
117 20 255
117 22 255
117 24 255
117 26 255
117 33 31
117 56 31
117 57 31
117 58 31
117 59 31
117 104 31
117 109 31
117 112 31
117 115 31
117 125 30
117 126 30
117 127 30
117 128 30
117 129 30
117 130 30
117 139 30
118 0 255
118 2 255
118 4 255
118 6 255
118 8 255
118 10 255
118 12 255
118 14 255
118 16 255
118 18 255
118 20 255
118 22 255
118 24 255
118 26 255
118 33 31
118 55 31
118 56 31
118 104 31
118 109 31
118 112 31
118 115 31
118 139 30
119 0 255
119 2 255
119 4 255
119 6 255
119 8 255
119 10 255
119 12 255
119 14 255
119 16 255
119 18 255
119 20 255
119 22 255
119 24 255
119 26 255
119 28 255
119 33 31
119 53 31
119 54 31
119 55 31
119 61 31
119 62 31
119 63 31
119 64 31
119 65 31
119 66 31
119 67 31
119 104 31
119 109 31
119 115 31
119 139 30
120 0 255
120 2 255
120 4 255
120 6 255
120 8 255
120 10 255
120 12 255
120 14 255
120 16 255
120 18 255
120 20 255
120 22 255
120 24 255
120 26 255
120 28 255
120 33 31
120 53 31
120 54 31
120 61 31
120 62 31
120 63 31
120 64 31
120 65 31
120 66 31
120 67 31
120 101 31
120 102 31
120 103 31
120 104 31
120 105 31
120 106 31
120 107 31
120 125 30
120 126 30
120 127 30
120 128 30
120 129 30
120 130 30
120 131 30
120 139 30
121 0 255
121 2 255
121 4 255
121 6 255
121 8 255
121 10 255
121 12 255
121 14 255
121 16 255
121 18 255
121 20 255
121 22 255
121 24 255
121 26 255
121 28 255
121 33 31
121 62 31
121 63 31
121 101 31
121 102 31
121 103 31
121 104 31
121 105 31
121 106 31
121 107 31
121 125 30
121 126 30
121 127 30
121 128 30
121 129 30
121 130 30
121 131 30
121 139 30
122 0 255
122 2 255
122 4 255
122 6 255
122 8 255
122 10 255
122 12 255
122 14 255
122 16 255
122 18 255
122 20 255
122 22 255
122 24 255
122 26 255
122 28 255
122 33 31
122 63 31
122 64 31
122 118 31
122 122 31
122 125 30
122 128 30
122 131 30
123 22 255
123 24 255
123 26 255
123 28 255
123 33 31
123 64 31
123 65 31
123 117 31
123 118 31
123 119 31
123 122 31
123 123 31
123 125 30
123 128 30
123 131 30
124 24 255
124 26 255
124 28 255
124 33 31
124 61 31
124 62 31
124 63 31
124 64 31
124 65 31
124 66 31
124 67 31
124 101 31
124 102 31
124 103 31
124 104 31
124 105 31
124 106 31
124 107 31
124 117 31
124 119 31
124 120 31
124 123 31
124 125 30
124 128 30
124 131 30
124 135 30
124 136 30
124 137 30
124 138 30
124 139 30
125 24 255
125 26 255
125 28 255
125 33 31
125 61 31
125 62 31
125 63 31
125 64 31
125 65 31
125 66 31
125 67 31
125 101 31
125 102 31
125 103 31
125 104 31
125 105 31
125 106 31
125 107 31
125 117 31
125 120 31
125 121 31
125 123 31
125 125 30
125 128 30
125 131 30
125 134 30
125 135 30
125 136 30
125 137 30
125 138 30
125 139 30
126 24 255
126 26 255
126 28 255
126 33 31
126 101 31
126 104 31
126 107 31
126 117 31
126 118 31
126 121 31
126 122 31
126 123 31
126 125 30
126 131 30
126 133 30
126 134 30
126 137 30
127 33 31
127 101 31
127 104 31
127 107 31
127 110 31
127 111 31
127 112 31
127 113 31
127 114 31
127 118 31
127 122 31
127 133 30
127 137 30
128 33 31
128 101 31
128 104 31
128 107 31
128 109 31
128 110 31
128 111 31
128 112 31
128 113 31
128 114 31
128 115 31
128 133 30
128 134 30
128 137 30
129 33 31
129 101 31
129 104 31
129 107 31
129 109 31
129 115 31
129 134 30
129 135 30
129 136 30
129 137 30
129 138 30
129 139 30
130 33 31
130 101 31
130 107 31
130 109 31
130 115 31
130 117 31
130 135 30
130 136 30
130 137 30
130 138 30
130 139 30
131 33 31
131 109 31
131 112 31
131 115 31
131 117 31
132 33 31
132 109 31
132 110 31
132 112 31
132 113 31
132 114 31
132 115 31
132 117 31
132 118 31
132 119 31
132 120 31
132 121 31
132 122 31
132 123 31
133 0 255
133 2 255
133 4 255
133 33 31
133 110 31
133 112 31
133 113 31
133 114 31
133 115 31
133 117 31
133 118 31
133 119 31
133 120 31
133 121 31
133 122 31
133 123 31
133 133 30
133 134 30
134 0 255
134 2 255
134 4 255
134 33 31
134 117 31
134 127 30
134 128 30
134 129 30
134 130 30
134 131 30
134 133 30
134 134 30
134 135 30
135 0 255
135 2 255
135 4 255
135 33 31
135 117 31
135 126 30
135 127 30
135 128 30
135 129 30
135 130 30
135 131 30
135 135 30
135 136 30
136 0 255
136 2 255
136 4 255
136 6 255
136 8 255
136 10 255
136 12 255
136 14 255
136 16 255
136 18 255
136 20 255
136 22 255
136 24 255
136 26 255
136 28 255
136 33 31
136 109 31
136 110 31
136 111 31
136 112 31
136 113 31
136 114 31
136 115 31
136 125 30
136 126 30
136 129 30
136 136 30
136 137 30
136 138 30
136 139 30
137 0 255
137 2 255
137 4 255
137 6 255
137 8 255
137 10 255
137 12 255
137 14 255
137 16 255
137 18 255
137 20 255
137 22 255
137 24 255
137 26 255
137 28 255
137 33 31
137 109 31
137 110 31
137 111 31
137 112 31
137 113 31
137 114 31
137 115 31
137 125 30
137 129 30
137 136 30
137 137 30
137 138 30
137 139 30
138 0 255
138 2 255
138 4 255
138 6 255
138 8 255
138 10 255
138 12 255
138 14 255
138 16 255
138 18 255
138 20 255
138 22 255
138 24 255
138 26 255
138 28 255
138 33 31
138 101 31
138 102 31
138 103 31
138 104 31
138 105 31
138 109 31
138 112 31
138 117 31
138 118 31
138 119 31
138 120 31
138 121 31
138 122 31
138 123 31
138 125 30
138 126 30
138 129 30
138 135 30
138 136 30
139 0 255
139 2 255
139 4 255
139 6 255
139 8 255
139 10 255
139 12 255
139 14 255
139 16 255
139 18 255
139 20 255
139 22 255
139 24 255
139 26 255
139 28 255
139 33 31
139 101 31
139 102 31
139 103 31
139 104 31
139 105 31
139 106 31
139 109 31
139 112 31
139 117 31
139 118 31
139 119 31
139 120 31
139 121 31
139 122 31
139 123 31
139 126 30
139 127 30
139 128 30
139 129 30
139 130 30
139 131 30
139 133 30
139 134 30
139 135 30
140 0 255
140 2 255
140 4 255
140 6 255
140 8 255
140 10 255
140 12 255
140 14 255
140 16 255
140 18 255
140 20 255
140 22 255
140 24 255
140 26 255
140 28 255
140 33 31
140 106 31
140 107 31
140 109 31
140 112 31
140 117 31
140 120 31
140 127 30
140 128 30
140 129 30
140 130 30
140 131 30
140 133 30
140 134 30
141 0 255
141 2 255
141 4 255
141 6 255
141 8 255
141 10 255
141 12 255
141 14 255
141 16 255
141 18 255
141 20 255
141 22 255
141 24 255
141 26 255
141 28 255
141 33 31
141 107 31
141 109 31
141 110 31
141 111 31
141 112 31
141 113 31
141 114 31
141 115 31
141 117 31
141 120 31
142 4 255
142 33 31
142 106 31
142 107 31
142 110 31
142 111 31
142 113 31
142 114 31
142 115 31
142 117 31
142 120 31
143 2 255
143 4 255
143 33 31
143 101 31
143 102 31
143 103 31
143 104 31
143 105 31
143 106 31
143 117 31
143 118 31
143 119 31
143 120 31
143 121 31
143 122 31
143 123 31
143 125 30
143 126 30
143 127 30
143 128 30
143 129 30
143 130 30
143 131 30
144 2 255
144 4 255
144 33 31
144 101 31
144 102 31
144 103 31
144 104 31
144 105 31
144 118 31
144 119 31
144 121 31
144 122 31
144 123 31
144 125 30
144 126 30
144 127 30
144 128 30
144 129 30
144 130 30
144 131 30
144 133 30
144 139 30
145 0 255
145 2 255
145 4 255
145 33 31
145 109 31
145 110 31
145 111 31
145 112 31
145 113 31
145 114 31
145 115 31
145 125 30
145 131 30
145 133 30
145 134 30
145 135 30
145 136 30
145 137 30
145 138 30
145 139 30
146 0 255
146 2 255
146 4 255
146 33 31
146 109 31
146 110 31
146 111 31
146 112 31
146 113 31
146 114 31
146 115 31
146 125 30
146 131 30
146 133 30
146 134 30
146 135 30
146 136 30
146 137 30
146 138 30
146 139 30
147 0 255
147 2 255
147 4 255
147 33 31
147 102 31
147 103 31
147 104 31
147 105 31
147 106 31
147 109 31
147 112 31
147 115 31
147 117 31
147 118 31
147 119 31
147 120 31
147 121 31
147 122 31
147 125 30
147 126 30
147 130 30
147 131 30
147 133 30
147 139 30
148 0 255
148 2 255
148 4 255
148 24 255
148 26 255
148 28 255
148 33 31
148 101 31
148 102 31
148 103 31
148 104 31
148 105 31
148 106 31
148 107 31
148 109 31
148 112 31
148 115 31
148 117 31
148 118 31
148 119 31
148 120 31
148 121 31
148 122 31
148 123 31
148 126 30
148 127 30
148 128 30
148 129 30
148 130 30
149 0 255
149 2 255
149 4 255
149 24 255
149 26 255
149 28 255
149 33 31
149 101 31
149 107 31
149 109 31
149 112 31
149 115 31
149 123 31
149 127 30
149 128 30
149 129 30
150 0 255
150 2 255
150 4 255
150 6 255
150 24 255
150 26 255
150 28 255
150 33 31
150 101 31
150 107 31
150 109 31
150 112 31
150 115 31
150 123 31
150 133 30
150 134 30
150 135 30
150 136 30
150 137 30
150 138 30
150 139 30
151 0 255
151 2 255
151 4 255
151 6 255
151 8 255
151 22 255
151 24 255
151 26 255
151 28 255
151 33 31
151 101 31
151 104 31
151 107 31
151 109 31
151 115 31
151 123 31
151 133 30
151 134 30
151 135 30
151 136 30
151 137 30
151 138 30
151 139 30
152 0 255
152 2 255
152 4 255
152 6 255
152 8 255
152 10 255
152 12 255
152 14 255
152 16 255
152 18 255
152 20 255
152 22 255
152 24 255
152 26 255
152 28 255
152 33 31
152 101 31
152 102 31
152 104 31
152 105 31
152 106 31
152 107 31
152 117 31
152 118 31
152 119 31
152 120 31
152 121 31
152 122 31
152 123 31
152 125 30
152 134 30
152 135 30
153 2 255
153 4 255
153 6 255
153 8 255
153 10 255
153 12 255
153 14 255
153 16 255
153 18 255
153 20 255
153 22 255
153 24 255
153 26 255
153 28 255
153 33 31
153 102 31
153 104 31
153 105 31
153 106 31
153 107 31
153 117 31
153 118 31
153 119 31
153 120 31
153 121 31
153 122 31
153 125 30
153 135 30
153 136 30
154 2 255
154 4 255
154 6 255
154 8 255
154 10 255
154 12 255
154 14 255
154 16 255
154 18 255
154 20 255
154 22 255
154 24 255
154 26 255
154 33 31
154 111 31
154 112 31
154 113 31
154 114 31
154 115 31
154 125 30
154 126 30
154 127 30
154 128 30
154 129 30
154 130 30
154 131 30
154 136 30
154 137 30
155 2 255
155 4 255
155 6 255
155 8 255
155 10 255
155 12 255
155 14 255
155 16 255
155 18 255
155 20 255
155 22 255
155 24 255
155 26 255
155 33 31
155 110 31
155 111 31
155 112 31
155 113 31
155 114 31
155 115 31
155 125 30
155 126 30
155 127 30
155 128 30
155 129 30
155 130 30
155 131 30
155 133 30
155 134 30
155 135 30
155 136 30
155 137 30
155 138 30
155 139 30
156 4 255
156 6 255
156 8 255
156 10 255
156 12 255
156 14 255
156 16 255
156 18 255
156 20 255
156 22 255
156 24 255
156 33 31
156 103 31
156 104 31
156 105 31
156 106 31
156 107 31
156 109 31
156 110 31
156 113 31
156 118 31
156 119 31
156 120 31
156 121 31
156 122 31
156 125 30
156 133 30
156 134 30
156 135 30
156 136 30
156 137 30
156 138 30
156 139 30
157 6 255
157 8 255
157 10 255
157 12 255
157 14 255
157 16 255
157 18 255
157 20 255
157 22 255
157 33 31
157 102 31
157 103 31
157 104 31
157 105 31
157 106 31
157 107 31
157 109 31
157 113 31
157 117 31
157 118 31
157 119 31
157 120 31
157 121 31
157 122 31
157 123 31
157 125 30
158 33 31
158 101 31
158 102 31
158 105 31
158 109 31
158 110 31
158 113 31
158 117 31
158 123 31
159 33 31
159 101 31
159 105 31
159 110 31
159 111 31
159 112 31
159 113 31
159 114 31
159 115 31
159 117 31
159 123 31
159 134 30
159 135 30
159 136 30
159 137 30
159 138 30
160 33 31
160 101 31
160 102 31
160 105 31
160 111 31
160 112 31
160 113 31
160 114 31
160 115 31
160 117 31
160 123 31
160 133 30
160 134 30
160 135 30
160 136 30
160 137 30
160 138 30
160 139 30
161 33 31
161 102 31
161 103 31
161 104 31
161 105 31
161 106 31
161 107 31
161 117 31
161 118 31
161 119 31
161 122 31
161 123 31
161 133 30
161 139 30
162 33 31
162 103 31
162 104 31
162 105 31
162 106 31
162 107 31
162 118 31
162 119 31
162 122 31
162 133 30
162 139 30
163 33 31
163 109 31
163 133 30
163 136 30
163 139 30
164 0 255
164 2 255
164 4 255
164 6 255
164 8 255
164 10 255
164 12 255
164 33 31
164 109 31
164 133 30
164 134 30
164 136 30
164 137 30
164 138 30
164 139 30
165 0 255
165 2 255
165 4 255
165 6 255
165 8 255
165 10 255
165 12 255
165 14 255
165 33 31
165 109 31
165 110 31
165 111 31
165 112 31
165 113 31
165 114 31
165 115 31
165 117 31
165 134 30
165 136 30
165 137 30
165 138 30
165 139 30
166 0 255
166 2 255
166 4 255
166 6 255
166 8 255
166 10 255
166 12 255
166 14 255
166 16 255
166 33 31
166 109 31
166 110 31
166 111 31
166 112 31
166 113 31
166 114 31
166 115 31
166 117 31
167 0 255
167 2 255
167 4 255
167 6 255
167 8 255
167 10 255
167 12 255
167 14 255
167 16 255
167 33 31
167 109 31
167 117 31
167 118 31
167 119 31
167 120 31
167 121 31
167 122 31
167 123 31
168 0 255
168 2 255
168 4 255
168 6 255
168 8 255
168 10 255
168 12 255
168 14 255
168 16 255
168 18 255
168 33 31
168 109 31
168 117 31
168 118 31
168 119 31
168 120 31
168 121 31
168 122 31
168 123 31
169 0 255
169 2 255
169 4 255
169 6 255
169 8 255
169 10 255
169 12 255
169 14 255
169 16 255
169 18 255
169 33 31
169 117 31
170 12 255
170 14 255
170 16 255
170 18 255
170 33 31
170 101 31
170 117 31
171 14 255
171 16 255
171 18 255
171 33 31
171 101 31
172 14 255
172 16 255
172 18 255
172 33 31
172 101 31
172 102 31
172 103 31
172 104 31
172 105 31
172 106 31
172 107 31
173 14 255
173 16 255
173 18 255
173 28 255
173 33 31
173 101 31
173 102 31
173 103 31
173 104 31
173 105 31
173 106 31
173 107 31
173 117 31
173 118 31
173 119 31
173 120 31
173 121 31
173 122 31
173 133 30
174 14 255
174 16 255
174 18 255
174 26 255
174 28 255
174 33 31
174 101 31
174 117 31
174 118 31
174 119 31
174 120 31
174 121 31
174 122 31
174 123 31
174 133 30
175 0 255
175 2 255
175 4 255
175 14 255
175 16 255
175 18 255
175 24 255
175 26 255
175 28 255
175 33 31
175 101 31
175 123 31
175 133 30
175 134 30
175 135 30
175 136 30
175 137 30
175 138 30
175 139 30
176 0 255
176 2 255
176 4 255
176 14 255
176 16 255
176 18 255
176 22 255
176 24 255
176 26 255
176 28 255
176 33 31
176 109 31
176 110 31
176 111 31
176 112 31
176 113 31
176 114 31
176 115 31
176 123 31
176 133 30
176 134 30
176 135 30
176 136 30
176 137 30
176 138 30
176 139 30
177 0 255
177 2 255
177 4 255
177 10 255
177 12 255
177 14 255
177 16 255
177 18 255
177 20 255
177 22 255
177 24 255
177 26 255
177 28 255
177 33 31
177 109 31
177 110 31
177 111 31
177 112 31
177 113 31
177 114 31
177 115 31
177 123 31
177 133 30
178 0 255
178 2 255
178 4 255
178 6 255
178 8 255
178 10 255
178 12 255
178 14 255
178 16 255
178 18 255
178 20 255
178 22 255
178 24 255
178 26 255
178 28 255
178 33 31
178 101 31
178 102 31
178 103 31
178 104 31
178 105 31
178 106 31
178 110 31
178 111 31
178 117 31
178 118 31
178 119 31
178 120 31
178 121 31
178 122 31
178 123 31
178 133 30
179 0 255
179 2 255
179 4 255
179 6 255
179 8 255
179 10 255
179 12 255
179 14 255
179 16 255
179 18 255
179 20 255
179 22 255
179 24 255
179 26 255
179 33 31
179 101 31
179 102 31
179 103 31
179 104 31
179 105 31
179 106 31
179 107 31
179 111 31
179 112 31
179 117 31
179 118 31
179 119 31
179 120 31
179 121 31
179 122 31
180 0 255
180 2 255
180 4 255
180 6 255
180 8 255
180 10 255
180 12 255
180 14 255
180 16 255
180 18 255
180 20 255
180 22 255
180 24 255
180 33 31
180 107 31
180 110 31
180 111 31
181 2 255
181 4 255
181 6 255
181 8 255
181 10 255
181 12 255
181 14 255
181 16 255
181 18 255
181 20 255
181 22 255
181 33 31
181 107 31
181 109 31
181 110 31
181 111 31
181 112 31
181 113 31
181 114 31
181 115 31
181 133 30
181 134 30
181 135 30
181 136 30
181 137 30
181 138 30
181 139 30
182 2 255
182 4 255
182 6 255
182 8 255
182 10 255
182 12 255
182 14 255
182 16 255
182 18 255
182 20 255
182 33 31
182 107 31
182 109 31
182 110 31
182 111 31
182 112 31
182 113 31
182 114 31
182 115 31
182 117 31
182 118 31
182 119 31
182 120 31
182 121 31
182 122 31
182 123 31
182 133 30
182 134 30
182 135 30
182 136 30
182 137 30
182 138 30
182 139 30
183 4 255
183 6 255
183 8 255
183 10 255
183 12 255
183 14 255
183 16 255
183 33 31
183 101 31
183 102 31
183 103 31
183 104 31
183 105 31
183 106 31
183 107 31
183 117 31
183 118 31
183 119 31
183 120 31
183 121 31
183 122 31
183 123 31
183 136 30
184 33 31
184 101 31
184 102 31
184 103 31
184 104 31
184 105 31
184 106 31
184 117 31
184 120 31
184 136 30
185 33 31
185 110 31
185 111 31
185 112 31
185 113 31
185 114 31
185 117 31
185 120 31
185 136 30
186 33 31
186 109 31
186 110 31
186 111 31
186 112 31
186 113 31
186 114 31
186 115 31
186 117 31
186 120 31
186 133 30
186 134 30
186 135 30
186 136 30
186 137 30
186 138 30
186 139 30
187 33 31
187 101 31
187 109 31
187 115 31
187 117 31
187 118 31
187 119 31
187 120 31
187 121 31
187 122 31
187 123 31
187 133 30
187 134 30
187 135 30
187 136 30
187 137 30
187 138 30
187 139 30
188 33 31
188 101 31
188 109 31
188 115 31
188 118 31
188 119 31
188 121 31
188 122 31
188 123 31
189 33 31
189 101 31
189 102 31
189 103 31
189 104 31
189 105 31
189 106 31
189 107 31
189 109 31
189 115 31
190 0 31
190 1 31
190 2 31
190 3 31
190 4 31
190 5 31
190 6 31
190 7 31
190 8 31
190 9 31
190 10 31
190 11 31
190 12 31
190 13 31
190 14 31
190 15 31
190 16 31
190 17 31
190 18 31
190 19 31
190 20 31
190 21 31
190 22 31
190 23 31
190 24 31
190 25 31
190 26 31
190 27 31
190 28 31
190 29 31
190 30 31
190 31 31
190 32 31
190 33 31
190 101 31
190 102 31
190 103 31
190 104 31
190 105 31
190 106 31
190 107 31
190 109 31
190 110 31
190 111 31
190 112 31
190 113 31
190 114 31
190 115 31
191 101 31
191 110 31
191 111 31
191 112 31
191 113 31
191 114 31
191 117 31
191 118 31
191 119 31
191 120 31
191 121 31
191 122 31
191 123 31
191 133 30
191 139 30
192 101 31
192 117 31
192 118 31
192 119 31
192 120 31
192 121 31
192 122 31
192 123 31
192 133 30
192 134 30
192 135 30
192 136 30
192 137 30
192 138 30
192 139 30
193 117 31
193 120 31
193 123 31
193 133 30
193 134 30
193 135 30
193 136 30
193 137 30
193 138 30
193 139 30
194 109 31
194 110 31
194 111 31
194 112 31
194 113 31
194 114 31
194 117 31
194 120 31
194 123 31
194 133 30
194 139 30
195 102 31
195 103 31
195 104 31
195 105 31
195 106 31
195 109 31
195 110 31
195 111 31
195 112 31
195 113 31
195 114 31
195 115 31
195 117 31
195 120 31
195 123 31
196 101 31
196 102 31
196 103 31
196 104 31
196 105 31
196 106 31
196 107 31
196 115 31
196 117 31
196 120 31
196 123 31
197 101 31
197 107 31
197 115 31
197 117 31
197 123 31
197 134 30
197 138 30
198 101 31
198 107 31
198 115 31
198 133 30
198 134 30
198 135 30
198 138 30
198 139 30
199 101 31
199 107 31
199 109 31
199 110 31
199 111 31
199 112 31
199 113 31
199 114 31
199 115 31
199 133 30
199 135 30
199 136 30
199 139 30
200 101 31
200 102 31
200 103 31
200 104 31
200 105 31
200 106 31
200 107 31
200 109 31
200 110 31
200 111 31
200 112 31
200 113 31
200 114 31
200 118 31
200 122 31
200 133 30
200 136 30
200 137 30
200 139 30
201 102 31
201 103 31
201 104 31
201 105 31
201 106 31
201 117 31
201 118 31
201 119 31
201 122 31
201 123 31
201 133 30
201 134 30
201 137 30
201 138 30
201 139 30
202 117 31
202 119 31
202 120 31
202 123 31
202 134 30
202 138 30
203 110 31
203 114 31
203 117 31
203 120 31
203 121 31
203 123 31
204 101 31
204 102 31
204 103 31
204 104 31
204 105 31
204 106 31
204 107 31
204 109 31
204 110 31
204 111 31
204 114 31
204 115 31
204 117 31
204 118 31
204 121 31
204 122 31
204 123 31
205 101 31
205 102 31
205 103 31
205 104 31
205 105 31
205 106 31
205 107 31
205 109 31
205 111 31
205 112 31
205 115 31
205 118 31
205 122 31
206 101 31
206 104 31
206 109 31
206 112 31
206 113 31
206 115 31
207 13 30
207 14 30
207 15 30
207 16 30
207 17 30
207 60 44
207 61 44
207 62 44
207 101 31
207 104 31
207 109 31
207 110 31
207 113 31
207 114 31
207 115 31
208 12 30
208 13 30
208 14 30
208 15 30
208 16 30
208 17 30
208 18 30
208 57 26
208 60 42
208 61 42
208 62 42
208 101 31
208 104 31
208 110 31
208 114 31
209 12 30
209 18 30
209 57 26
209 58 26
209 60 40
209 61 40
209 62 40
209 101 31
209 102 31
209 103 31
209 104 31
209 105 31
209 106 31
209 107 31
209 117 31
209 118 31
209 119 31
210 12 30
210 18 30
210 57 26
210 58 26
210 59 26
210 60 22
210 61 22
210 62 22
210 102 31
210 103 31
210 105 31
210 106 31
210 107 31
210 117 31
210 118 31
210 119 31
210 134 30
210 135 30
210 136 30
210 137 30
210 138 30
211 12 30
211 18 30
211 57 29
211 58 29
211 59 26
211 60 26
211 61 22
211 62 22
211 109 31
211 110 31
211 111 31
211 112 31
211 113 31
211 114 31
211 115 31
211 133 30
211 134 30
211 135 30
211 136 30
211 137 30
211 138 30
211 139 30
212 12 30
212 13 30
212 14 30
212 17 30
212 18 30
212 57 29
212 58 29
212 59 29
212 60 26
212 61 26
212 62 22
212 109 31
212 110 31
212 111 31
212 112 31
212 113 31
212 114 31
212 115 31
212 117 31
212 118 31
212 119 31
212 133 30
212 139 30
213 13 30
213 14 30
213 17 30
213 58 15
213 59 29
213 60 29
213 61 26
213 62 26
213 109 31
213 112 31
213 115 31
213 117 31
213 118 31
213 119 31
213 133 30
213 139 30
214 58 15
214 59 15
214 60 29
214 61 29
214 62 26
214 63 22
214 101 31
214 107 31
214 109 31
214 112 31
214 115 31
214 133 30
214 136 30
214 139 30
215 59 15
215 60 29
215 61 29
215 62 26
215 63 22
215 101 31
215 102 31
215 103 31
215 104 31
215 105 31
215 106 31
215 107 31
215 109 31
215 112 31
215 115 31
215 133 30
215 134 30
215 136 30
215 137 30
215 138 30
215 139 30
216 12 30
216 13 30
216 14 30
216 15 30
216 16 30
216 17 30
216 18 30
216 59 15
216 60 15
216 61 29
216 62 26
216 63 22
216 101 31
216 102 31
216 103 31
216 104 31
216 105 31
216 106 31
216 107 31
216 109 31
216 112 31
216 115 31
216 134 30
216 136 30
216 137 30
216 138 30
216 139 30
217 12 30
217 13 30
217 14 30
217 15 30
217 16 30
217 17 30
217 18 30
217 59 15
217 60 15
217 61 29
217 62 26
217 63 22
217 101 31
217 107 31
217 109 31
217 115 31
218 12 30
218 15 30
218 60 15
218 61 29
218 62 26
218 63 22
218 65 22
219 12 30
219 15 30
219 60 15
219 61 29
219 62 26
219 63 22
219 65 22
219 135 30
219 136 30
219 137 30
219 138 30
219 139 30
220 12 30
220 15 30
220 60 15
220 61 29
220 62 26
220 63 22
220 64 26
220 65 22
220 103 31
220 104 31
220 105 31
220 106 31
220 107 31
220 134 30
220 135 30
220 136 30
220 137 30
220 138 30
220 139 30
221 12 30
221 13 30
221 14 30
221 15 30
221 16 30
221 17 30
221 18 30
221 58 26
221 60 15
221 61 29
221 62 26
221 63 22
221 64 26
221 65 22
221 102 31
221 103 31
221 104 31
221 105 31
221 106 31
221 107 31
221 117 31
221 118 31
221 119 31
221 120 31
221 121 31
221 122 31
221 123 31
221 133 30
221 134 30
221 137 30
222 13 30
222 14 30
222 16 30
222 17 30
222 18 30
222 58 26
222 60 15
222 61 29
222 62 26
222 63 29
222 64 26
222 65 22
222 101 31
222 102 31
222 105 31
222 117 31
222 118 31
222 119 31
222 120 31
222 121 31
222 122 31
222 123 31
222 133 30
222 137 30
223 58 26
223 59 29
223 60 15
223 61 29
223 62 26
223 63 29
223 64 26
223 65 22
223 101 31
223 105 31
223 117 31
223 120 31
223 133 30
223 134 30
223 137 30
224 58 26
224 59 29
224 60 15
224 61 29
224 62 15
224 63 29
224 64 26
224 65 22
224 101 31
224 102 31
224 105 31
224 117 31
224 120 31
224 134 30
224 135 30
224 136 30
224 137 30
224 138 30
224 139 30
225 12 30
225 13 30
225 14 30
225 15 30
225 16 30
225 17 30
225 18 30
225 58 26
225 59 29
225 60 15
225 61 29
225 62 15
225 63 29
225 64 26
225 65 22
225 102 31
225 103 31
225 104 31
225 105 31
225 106 31
225 107 31
225 109 31
225 110 31
225 111 31
225 112 31
225 113 31
225 114 31
225 115 31
225 117 31
225 120 31
225 135 30
225 136 30
225 137 30
225 138 30
225 139 30
226 12 30
226 13 30
226 14 30
226 15 30
226 16 30
226 17 30
226 18 30
226 58 26
226 59 29
226 60 15
226 61 29
226 62 15
226 63 29
226 64 26
226 65 22
226 103 31
226 104 31
226 105 31
226 106 31
226 107 31
226 109 31
226 110 31
226 111 31
226 112 31
226 113 31
226 114 31
226 115 31
226 117 31
226 120 31
227 12 30
227 15 30
227 18 30
227 58 26
227 59 29
227 60 15
227 61 29
227 62 15
227 63 29
227 64 26
227 65 26
227 109 31
227 115 31
227 117 31
228 12 30
228 15 30
228 18 30
228 58 26
228 59 29
228 60 15
228 61 29
228 62 15
228 63 29
228 64 26
228 109 31
228 115 31
228 133 30
228 134 30
228 135 30
228 136 30
228 137 30
228 138 30
228 139 30
229 12 30
229 15 30
229 18 30
229 58 26
229 59 29
229 60 15
229 61 29
229 62 15
229 63 29
229 64 26
229 101 31
229 102 31
229 103 31
229 104 31
229 105 31
229 106 31
229 107 31
229 109 31
229 110 31
229 114 31
229 115 31
229 133 30
229 134 30
229 135 30
229 136 30
229 137 30
229 138 30
229 139 30
230 12 30
230 15 30
230 18 30
230 58 29
230 59 29
230 60 15
230 61 29
230 62 15
230 63 29
230 64 26
230 101 31
230 102 31
230 103 31
230 104 31
230 105 31
230 106 31
230 107 31
230 110 31
230 111 31
230 112 31
230 113 31
230 114 31
230 118 31
230 119 31
230 120 31
230 121 31
230 122 31
230 134 30
230 135 30
231 12 30
231 18 30
231 59 29
231 60 15
231 61 29
231 62 15
231 63 29
231 64 29
231 107 31
231 111 31
231 112 31
231 113 31
231 117 31
231 118 31
231 119 31
231 120 31
231 121 31
231 122 31
231 123 31
231 135 30
231 136 30
232 59 29
232 60 15
232 61 29
232 62 15
232 63 29
232 107 31
232 117 31
232 123 31
232 134 30
232 135 30
233 59 29
233 60 15
233 61 29
233 62 15
233 63 29
233 107 31
233 117 31
233 123 31
233 133 30
233 134 30
233 135 30
233 136 30
233 137 30
233 138 30
233 139 30
234 12 30
234 13 30
234 14 30
234 15 30
234 16 30
234 17 30
234 18 30
234 59 15
234 60 15
234 61 29
234 62 15
234 63 29
234 107 31
234 109 31
234 110 31
234 111 31
234 112 31
234 113 31
234 114 31
234 115 31
234 117 31
234 123 31
234 133 30
234 134 30
234 135 30
234 136 30
234 137 30
234 138 30
234 139 30
235 12 30
235 13 30
235 14 30
235 15 30
235 16 30
235 17 30
235 18 30
235 60 15
235 61 29
235 62 15
235 63 15
235 107 31
235 109 31
235 110 31
235 111 31
235 112 31
235 113 31
235 114 31
235 115 31
235 117 31
235 118 31
235 119 31
235 120 31
235 121 31
235 122 31
235 123 31
236 12 30
236 18 30
236 60 15
236 61 29
236 62 15
236 63 22
236 109 31
236 112 31
236 118 31
236 119 31
236 120 31
236 121 31
236 122 31
237 12 30
237 18 30
237 60 15
237 61 29
237 62 15
237 63 22
237 109 31
237 112 31
237 133 30
237 134 30
237 135 30
237 136 30
237 137 30
237 138 30
237 139 30
238 12 30
238 13 30
238 17 30
238 18 30
238 60 15
238 61 29
238 62 15
238 63 22
238 109 31
238 112 31
238 133 30
238 134 30
238 135 30
238 136 30
238 137 30
238 138 30
238 139 30
239 13 30
239 14 30
239 15 30
239 16 30
239 17 30
239 60 15
239 61 29
239 62 15
239 63 22
239 109 31
239 110 31
239 111 31
239 112 31
239 113 31
239 114 31
239 115 31
239 117 31
239 118 31
239 119 31
239 120 31
239 121 31
239 122 31
239 123 31
239 133 30
239 136 30
239 139 30
240 14 30
240 15 30
240 16 30
240 60 15
240 61 29
240 62 26
240 63 22
240 110 31
240 111 31
240 113 31
240 114 31
240 115 31
240 117 31
240 118 31
240 119 31
240 120 31
240 121 31
240 122 31
240 123 31
240 133 30
240 136 30
240 139 30
241 60 15
241 61 76
241 62 26
241 63 22
241 117 31
241 120 31
241 133 30
241 136 30
241 139 30
242 60 76
242 61 76
242 62 26
242 63 22
242 117 31
242 120 31
242 133 30
242 136 30
242 139 30
243 60 76
243 61 76
243 62 26
243 63 22
243 101 31
243 102 31
243 103 31
243 104 31
243 105 31
243 106 31
243 117 31
243 120 31
243 133 30
243 139 30
244 12 30
244 18 30
244 60 76
244 61 26
244 62 26
244 63 22
244 101 31
244 102 31
244 103 31
244 104 31
244 105 31
244 106 31
244 107 31
244 109 31
244 115 31
244 117 31
244 118 31
244 119 31
244 120 31
244 121 31
244 122 31
244 123 31
245 12 30
245 13 30
245 14 30
245 15 30
245 16 30
245 17 30
245 18 30
245 60 29
245 61 26
245 62 26
245 63 22
245 107 31
245 109 31
245 110 31
245 111 31
245 112 31
245 113 31
245 114 31
245 115 31
245 118 31
245 119 31
245 121 31
245 122 31
245 123 31
246 12 30
246 13 30
246 14 30
246 15 30
246 16 30
246 17 30
246 18 30
246 60 29
246 61 76
246 62 26
246 63 22
246 107 31
246 109 31
246 110 31
246 111 31
246 112 31
246 113 31
246 114 31
246 115 31
247 12 30
247 18 30
247 60 76
247 61 76
247 62 26
247 63 22
247 107 31
247 109 31
247 115 31
248 60 76
248 61 76
248 62 26
248 63 22
248 101 31
248 102 31
248 103 31
248 104 31
248 105 31
248 106 31
248 107 31
249 61 76
249 62 26
249 63 22
249 101 31
249 102 31
249 103 31
249 104 31
249 105 31
249 106 31
249 138 30
249 139 30
250 12 30
250 61 76
250 62 26
250 109 31
250 110 31
250 111 31
250 112 31
250 113 31
250 138 30
250 139 30
251 12 30
251 109 31
251 110 31
251 111 31
251 112 31
251 113 31
251 114 31
252 12 30
252 13 30
252 14 30
252 15 30
252 16 30
252 17 30
252 18 30
252 101 31
252 102 31
252 103 31
252 104 31
252 105 31
252 106 31
252 107 31
252 114 31
252 115 31
253 12 30
253 13 30
253 14 30
253 15 30
253 16 30
253 17 30
253 18 30
253 101 31
253 102 31
253 103 31
253 104 31
253 105 31
253 106 31
253 107 31
253 115 31
253 117 31
254 12 30
254 102 31
254 103 31
254 114 31
254 115 31
254 117 31
255 12 30
255 103 31
255 104 31
255 109 31
255 110 31
255 111 31
255 112 31
255 113 31
255 114 31
255 117 31
255 118 31
255 119 31
255 120 31
255 121 31
255 122 31
255 123 31
256 104 31
256 105 31
256 109 31
256 110 31
256 111 31
256 112 31
256 113 31
256 117 31
256 118 31
256 119 31
256 120 31
256 121 31
256 122 31
256 123 31
257 101 31
257 102 31
257 103 31
257 104 31
257 105 31
257 106 31
257 107 31
257 117 31
258 13 30
258 17 30
258 101 31
258 102 31
258 103 31
258 104 31
258 105 31
258 106 31
258 107 31
258 117 31
259 12 30
259 13 30
259 14 30
259 17 30
259 18 30
259 109 31
259 110 31
259 111 31
259 112 31
259 113 31
259 114 31
259 115 31
260 12 30
260 14 30
260 15 30
260 18 30
260 109 31
260 110 31
260 111 31
260 112 31
260 113 31
260 114 31
260 115 31
261 12 30
261 15 30
261 16 30
261 18 30
261 109 31
261 112 31
261 115 31
261 117 31
261 118 31
261 119 31
261 120 31
261 121 31
261 122 31
261 123 31
262 12 30
262 13 30
262 16 30
262 17 30
262 18 30
262 101 31
262 107 31
262 109 31
262 112 31
262 115 31
262 117 31
262 118 31
262 119 31
262 120 31
262 121 31
262 122 31
262 123 31
263 13 30
263 17 30
263 101 31
263 102 31
263 103 31
263 104 31
263 105 31
263 106 31
263 107 31
263 109 31
263 112 31
263 115 31
263 120 31
264 101 31
264 102 31
264 103 31
264 104 31
264 105 31
264 106 31
264 107 31
264 109 31
264 112 31
264 115 31
264 120 31
265 101 31
265 107 31
265 109 31
265 115 31
265 120 31
266 117 31
266 118 31
266 119 31
266 120 31
266 121 31
266 122 31
266 123 31
267 117 31
267 118 31
267 119 31
267 120 31
267 121 31
267 122 31
267 123 31
268 101 31
268 109 31
268 110 31
268 111 31
268 112 31
268 113 31
268 114 31
268 115 31
269 101 31
269 109 31
269 110 31
269 111 31
269 112 31
269 113 31
269 114 31
269 115 31
270 101 31
270 102 31
270 103 31
270 104 31
270 105 31
270 106 31
270 107 31
270 109 31
270 112 31
270 117 31
270 118 31
270 119 31
270 120 31
270 121 31
270 122 31
270 123 31
271 101 31
271 102 31
271 103 31
271 104 31
271 105 31
271 106 31
271 107 31
271 109 31
271 112 31
271 117 31
271 118 31
271 119 31
271 120 31
271 121 31
271 122 31
271 123 31
272 101 31
272 109 31
272 112 31
272 117 31
272 120 31
272 123 31
273 101 31
273 109 31
273 110 31
273 111 31
273 112 31
273 113 31
273 114 31
273 115 31
273 117 31
273 120 31
273 123 31
274 110 31
274 111 31
274 113 31
274 114 31
274 115 31
274 117 31
274 120 31
274 123 31
275 117 31
275 120 31
275 123 31
276 117 31
276 123 31
999 999 999
