0 5 44
0 6 44
1 5 52
1 6 44
2 4 52
2 5 52
2 6 44
3 4 52
3 5 20
3 6 44
4 4 20
4 5 52
4 6 44
5 4 52
5 5 52
5 6 44
6 4 52
6 5 68
6 6 44
7 4 68
7 5 68
7 6 44
8 4 68
8 5 68
8 6 44
9 4 68
9 5 68
9 6 44
9 7 92
10 4 68
10 5 68
10 6 44
10 7 68
11 4 68
11 5 68
11 6 44
11 7 68
12 3 92
12 4 68
12 5 68
12 6 44
12 7 68
13 3 44
13 4 68
13 5 68
13 6 44
13 7 68
14 3 44
14 4 68
14 5 68
14 6 44
14 7 68
15 3 44
15 4 68
15 5 68
15 6 44
15 7 68
15 8 92
16 3 44
16 4 68
16 5 68
16 6 44
16 7 68
16 8 68
17 2 92
17 3 44
17 4 68
17 5 68
17 6 44
17 7 68
17 8 68
18 2 44
18 3 44
18 4 68
18 5 68
18 6 44
18 7 68
18 8 68
19 2 44
19 4 68
19 5 68
19 6 44
19 7 68
19 8 68
20 2 44
20 4 68
20 5 68
20 6 44
20 8 68
21 2 44
21 4 68
21 5 68
21 6 44
21 8 68
22 4 68
22 5 68
22 6 44
22 8 68
23 4 68
23 5 68
23 6 44
24 4 68
24 5 68
24 6 44
25 3 68
25 4 68
25 5 68
25 6 44
26 3 68
26 4 68
26 5 68
26 6 44
27 3 68
27 4 68
27 5 68
27 6 44
28 3 68
28 4 68
28 5 68
28 6 44
28 7 68
29 2 68
29 3 68
29 4 68
29 5 68
29 6 44
29 7 68
30 2 68
30 3 68
30 4 68
30 5 68
30 6 44
30 7 68
31 1 44
31 2 44
31 3 68
31 4 68
31 5 68
31 6 44
31 7 68
31 8 68
32 1 44
32 2 44
32 4 23
32 5 23
32 7 68
32 8 44
33 1 44
33 4 44
33 5 44
33 8 44
34 1 44
34 4 42
34 5 42
34 8 44
35 1 44
35 4 41
35 5 41
35 8 44
36 1 44
36 4 40
36 5 40
36 8 44
999 999 999
