0 5 2
0 6 2
1 5 12
1 6 2
2 4 12
2 5 12
2 6 2
3 4 12
3 5 20
3 6 2
4 4 20
4 5 12
4 6 2
5 4 12
5 5 12
5 6 2
6 4 12
6 5 48
6 6 2
7 4 48
7 5 48
7 6 2
8 4 48
8 5 48
8 6 2
9 4 48
9 5 48
9 6 2
9 7 73
10 4 48
10 5 48
10 6 2
10 7 48
11 4 48
11 5 48
11 6 2
11 7 48
12 3 73
12 4 48
12 5 48
12 6 2
12 7 48
13 3 2
13 4 48
13 5 48
13 6 2
13 7 48
14 3 2
14 4 48
14 5 48
14 6 2
14 7 48
15 3 2
15 4 48
15 5 48
15 6 2
15 7 48
15 8 73
16 3 2
16 4 48
16 5 48
16 6 2
16 7 48
16 8 48
17 2 73
17 3 2
17 4 48
17 5 48
17 6 2
17 7 48
17 8 48
18 2 2
18 3 2
18 4 48
18 5 48
18 6 2
18 7 48
18 8 48
19 2 2
19 4 48
19 5 48
19 6 2
19 7 48
19 8 48
20 2 2
20 4 48
20 5 48
20 6 2
20 8 48
21 2 2
21 4 48
21 5 48
21 6 2
21 8 48
22 4 48
22 5 48
22 6 2
22 8 48
23 4 48
23 5 48
23 6 2
24 4 48
24 5 48
24 6 2
25 3 48
25 4 48
25 5 48
25 6 2
26 3 48
26 4 48
26 5 48
26 6 2
27 3 48
27 4 48
27 5 48
27 6 2
28 3 48
28 4 48
28 5 48
28 6 2
28 7 48
29 2 48
29 3 48
29 4 48
29 5 48
29 6 2
29 7 48
30 2 48
30 3 48
30 4 48
30 5 48
30 6 2
30 7 48
31 1 2
31 2 2
31 3 48
31 4 48
31 5 48
31 6 2
31 7 48
31 8 48
32 1 2
32 2 2
32 4 23
32 5 23
32 7 48
32 8 2
33 1 2
33 4 44
33 5 44
33 8 2
34 1 2
34 4 42
34 5 42
34 8 2
35 1 2
35 4 41
35 5 41
35 8 2
36 1 2
36 4 40
36 5 40
36 8 2
999 999 999
