0 5 55
0 6 55
1 5 49
1 6 55
2 4 49
2 5 49
2 6 55
3 4 49
3 5 20
3 6 55
4 4 20
4 5 49
4 6 55
5 4 49
5 5 49
5 6 55
6 4 49
6 5 54
6 6 55
7 4 54
7 5 54
7 6 55
8 4 54
8 5 54
8 6 55
9 4 54
9 5 54
9 6 55
9 7 53
10 4 54
10 5 54
10 6 55
10 7 54
11 4 54
11 5 54
11 6 55
11 7 54
12 3 53
12 4 54
12 5 54
12 6 55
12 7 54
13 3 55
13 4 54
13 5 54
13 6 55
13 7 54
14 3 55
14 4 54
14 5 54
14 6 55
14 7 54
15 3 55
15 4 54
15 5 54
15 6 55
15 7 54
15 8 53
16 3 55
16 4 54
16 5 54
16 6 55
16 7 54
16 8 54
17 2 53
17 3 55
17 4 54
17 5 54
17 6 55
17 7 54
17 8 54
18 2 55
18 3 55
18 4 54
18 5 54
18 6 55
18 7 54
18 8 54
19 2 55
19 4 54
19 5 54
19 6 55
19 7 54
19 8 54
20 2 55
20 4 54
20 5 54
20 6 55
20 8 54
21 2 55
21 4 54
21 5 54
21 6 55
21 8 54
22 4 54
22 5 54
22 6 55
22 8 54
23 4 54
23 5 54
23 6 55
24 4 54
24 5 54
24 6 55
25 3 54
25 4 54
25 5 54
25 6 55
26 3 54
26 4 54
26 5 54
26 6 55
27 3 54
27 4 54
27 5 54
27 6 55
28 3 54
28 4 54
28 5 54
28 6 55
28 7 54
29 2 54
29 3 54
29 4 54
29 5 54
29 6 55
29 7 54
30 2 54
30 3 54
30 4 54
30 5 54
30 6 55
30 7 54
31 1 55
31 2 55
31 3 54
31 4 54
31 5 54
31 6 55
31 7 54
31 8 54
32 1 55
32 2 55
32 4 23
32 5 23
32 7 54
32 8 55
33 1 55
33 4 44
33 5 44
33 8 55
34 1 55
34 4 42
34 5 42
34 8 55
35 1 55
35 4 41
35 5 41
35 8 55
36 1 55
36 4 40
36 5 40
36 8 55
999 999 999
