0 5 40
0 6 40
1 5 53
1 6 40
2 4 53
2 5 53
2 6 40
3 4 53
3 5 20
3 6 40
4 4 20
4 5 53
4 6 40
5 4 53
5 5 53
5 6 40
6 4 53
6 5 41
6 6 40
7 4 41
7 5 41
7 6 40
8 4 41
8 5 41
8 6 40
9 4 41
9 5 41
9 6 40
9 7 42
10 4 41
10 5 41
10 6 40
10 7 41
11 4 41
11 5 41
11 6 40
11 7 41
12 3 42
12 4 41
12 5 41
12 6 40
12 7 41
13 3 40
13 4 41
13 5 41
13 6 40
13 7 41
14 3 40
14 4 41
14 5 41
14 6 40
14 7 41
15 3 40
15 4 41
15 5 41
15 6 40
15 7 41
15 8 42
16 3 40
16 4 41
16 5 41
16 6 40
16 7 41
16 8 41
17 2 42
17 3 40
17 4 41
17 5 41
17 6 40
17 7 41
17 8 41
18 2 40
18 3 40
18 4 41
18 5 41
18 6 40
18 7 41
18 8 41
19 2 40
19 4 41
19 5 41
19 6 40
19 7 41
19 8 41
20 2 40
20 4 41
20 5 41
20 6 40
20 8 41
21 2 40
21 4 41
21 5 41
21 6 40
21 8 41
22 4 41
22 5 41
22 6 40
22 8 41
23 4 41
23 5 41
23 6 40
24 4 41
24 5 41
24 6 40
25 3 41
25 4 41
25 5 41
25 6 40
26 3 41
26 4 41
26 5 41
26 6 40
27 3 41
27 4 41
27 5 41
27 6 40
28 3 41
28 4 41
28 5 41
28 6 40
28 7 41
29 2 41
29 3 41
29 4 41
29 5 41
29 6 40
29 7 41
30 2 41
30 3 41
30 4 41
30 5 41
30 6 40
30 7 41
31 1 40
31 2 40
31 3 41
31 4 41
31 5 41
31 6 40
31 7 41
31 8 41
32 1 40
32 2 40
32 4 23
32 5 23
32 7 41
32 8 40
33 1 40
33 4 44
33 5 44
33 8 40
34 1 40
34 4 42
34 5 42
34 8 40
35 1 40
35 4 41
35 5 41
35 8 40
36 1 40
36 4 40
36 5 40
36 8 40
999 999 999
