1 10 40
2 10 40
2 12 40
3 8 43
3 12 41
3 14 40
3 15 43
4 8 43
4 10 42
5 8 42
5 14 42
5 15 40
6 11 41
6 15 40
6 16 40
7 6 44
7 7 42
7 11 41
7 16 42
8 4 40
8 7 41
8 8 41
8 13 42
8 16 42
9 6 41
9 8 41
9 16 42
10 2 40
10 4 42
10 8 40
10 13 40
11 3 42
11 5 43
11 13 41
11 14 40
12 2 40
12 4 43
12 5 43
12 13 40
12 17 41
13 4 41
13 10 40
13 11 43
13 16 43
13 17 41
14 3 42
14 10 40
14 11 42
15 4 41
15 7 40
15 8 40
15 13 43
15 14 42
15 17 41
16 7 41
16 8 42
16 15 41
16 17 41
17 5 43
17 8 43
17 14 41
17 15 41
18 5 43
18 7 41
18 8 42
18 13 40
19 2 41
19 3 41
19 8 43
19 9 40
19 10 43
19 11 40
19 15 42
20 2 41
20 4 42
20 6 40
20 9 40
20 11 40
21 3 41
21 6 41
21 8 41
21 13 41
21 15 42
22 3 41
22 8 42
22 10 41
22 11 40
22 13 41
22 16 43
23 12 43
23 16 41
24 6 42
24 7 43
24 8 42
24 9 43
24 10 42
24 12 42
24 16 41
24 17 40
25 6 40
25 17 40
26 6 41
26 7 44
26 10 42
26 17 40
27 13 40
28 5 41
28 13 42
28 16 41
29 5 40
29 12 40
29 16 41
29 17 41
30 5 40
30 7 42
30 14 40
30 15 43
31 7 42
31 10 41
31 11 41
31 16 43
32 7 41
32 8 41
32 11 41
33 5 40
33 9 41
33 10 41
33 11 41
33 12 40
34 7 40
999 999 999
