1 10 40
2 10 40
2 11 40
2 12 40
2 13 40
2 15 44
3 8 43
3 10 40
3 11 40
3 12 41
3 13 40
3 14 40
3 15 43
4 8 43
4 9 42
4 10 42
4 11 40
4 12 41
4 13 40
4 14 40
4 15 40
4 16 40
5 7 43
5 8 42
5 9 42
5 10 44
5 11 41
5 12 41
5 13 42
5 14 42
5 15 40
5 16 40
6 5 40
6 6 40
6 7 40
6 8 41
6 9 41
6 10 41
6 11 41
6 12 43
6 13 43
6 14 43
6 15 40
6 16 40
7 6 44
7 7 42
7 8 42
7 9 41
7 10 41
7 11 41
7 12 41
7 13 41
7 14 41
7 15 41
7 16 42
8 4 40
8 5 40
8 6 41
8 7 41
8 8 41
8 9 42
8 10 42
8 11 42
8 12 41
8 13 42
8 14 42
8 15 42
8 16 42
9 3 40
9 4 40
9 5 40
9 6 41
9 7 41
9 8 41
9 9 41
9 10 41
9 11 41
9 12 41
9 13 42
9 14 42
9 15 42
9 16 42
10 2 40
10 3 40
10 4 42
10 5 40
10 6 41
10 7 42
10 8 40
10 9 42
10 10 40
10 11 40
10 12 40
10 13 40
10 14 41
10 15 43
10 16 42
11 2 40
11 3 42
11 4 40
11 5 43
11 6 42
11 7 43
11 8 42
11 9 43
11 10 42
11 11 40
11 12 40
11 13 41
11 14 40
11 15 43
11 16 41
12 2 40
12 3 42
12 4 43
12 5 43
12 6 40
12 7 42
12 8 44
12 9 42
12 10 40
12 11 40
12 12 40
12 13 40
12 14 40
12 15 41
12 16 41
12 17 41
13 3 42
13 4 41
13 5 41
13 6 42
13 7 43
13 8 42
13 9 43
13 10 40
13 11 43
13 12 42
13 13 43
13 14 42
13 15 40
13 16 43
13 17 41
14 3 42
14 4 41
14 5 41
14 6 41
14 7 42
14 8 41
14 9 42
14 10 40
14 11 42
14 12 44
14 13 42
14 14 41
14 15 41
14 16 43
15 3 44
15 4 41
15 5 41
15 6 41
15 7 40
15 8 40
15 9 40
15 10 42
15 11 43
15 12 42
15 13 43
15 14 42
15 15 40
15 16 43
15 17 41
16 3 41
16 4 41
16 5 41
16 6 41
16 7 41
16 8 42
16 9 40
16 10 41
16 11 42
16 12 41
16 13 42
16 14 40
16 15 41
16 16 43
16 17 41
17 3 41
17 4 41
17 5 43
17 6 40
17 7 42
17 8 43
17 9 42
17 10 43
17 11 40
17 12 40
17 13 40
17 14 41
17 15 41
17 16 43
18 3 41
18 4 41
18 5 43
18 6 40
18 7 41
18 8 42
18 9 44
18 10 42
18 11 42
18 12 41
18 13 40
18 14 40
18 15 42
18 16 41
19 2 41
19 3 41
19 4 42
19 5 43
19 6 40
19 7 42
19 8 43
19 9 40
19 10 43
19 11 40
19 12 41
19 13 44
19 14 40
19 15 42
19 16 41
20 2 41
20 3 41
20 4 42
20 5 43
20 6 40
20 7 40
20 8 42
20 9 40
20 10 42
20 11 40
20 12 41
20 13 40
20 14 40
20 15 42
20 16 41
21 3 41
21 4 42
21 5 43
21 6 41
21 7 42
21 8 41
21 9 41
21 10 41
21 11 41
21 12 41
21 13 41
21 14 40
21 15 42
21 16 40
22 3 41
22 4 41
22 5 43
22 6 41
22 7 43
22 8 42
22 9 43
22 10 41
22 11 40
22 12 42
22 13 41
22 14 40
22 15 43
22 16 43
22 17 41
23 4 41
23 5 41
23 6 40
23 7 42
23 8 44
23 9 42
23 10 43
23 11 42
23 12 43
23 13 42
23 14 40
23 15 43
23 16 41
24 4 41
24 5 41
24 6 42
24 7 43
24 8 42
24 9 43
24 10 42
24 11 44
24 12 42
24 13 40
24 14 44
24 15 43
24 16 41
24 17 40
25 4 43
25 5 41
25 6 40
25 7 42
25 8 40
25 9 42
25 10 43
25 11 42
25 12 43
25 13 42
25 14 40
25 15 40
25 16 41
25 17 40
26 4 43
26 5 43
26 6 41
26 7 44
26 8 40
26 9 40
26 10 42
26 11 40
26 12 42
26 13 40
26 14 41
26 15 42
26 16 41
26 17 40
27 4 41
27 5 43
27 6 43
27 7 43
27 8 43
27 9 40
27 10 41
27 11 40
27 12 41
27 13 40
27 14 40
27 15 42
27 16 41
27 17 40
28 4 41
28 5 41
28 6 40
28 7 42
28 8 41
28 9 41
28 10 43
28 11 42
28 12 42
28 13 42
28 14 42
28 15 42
28 16 41
29 4 40
29 5 40
29 6 42
29 7 40
29 8 42
29 9 41
29 10 43
29 11 40
29 12 40
29 13 40
29 14 43
29 15 43
29 16 41
29 17 41
30 4 40
30 5 40
30 6 42
30 7 42
30 8 42
30 9 41
30 10 41
30 11 41
30 12 43
30 13 43
30 14 40
30 15 43
31 4 40
31 5 40
31 6 40
31 7 42
31 8 40
31 9 40
31 10 41
31 11 41
31 12 41
31 13 43
31 14 40
31 15 40
31 16 43
32 5 42
32 6 42
32 7 41
32 8 41
32 9 41
32 10 41
32 11 41
32 12 41
32 13 41
33 5 40
33 6 42
33 7 42
33 8 40
33 9 41
33 10 41
33 11 41
33 12 40
33 13 44
34 6 40
34 7 40
34 8 40
999 999 999
