2 3 41
2 5 41
2 6 41
2 8 41
3 3 42
3 4 40
3 5 42
3 6 40
3 7 40
3 8 40
3 9 40
4 1 41
4 2 42
4 3 43
4 4 42
4 5 43
4 6 42
4 7 40
4 8 40
4 9 41
4 10 40
5 2 40
5 3 42
5 4 44
5 5 42
5 6 40
5 7 40
5 8 40
5 9 40
5 10 40
5 11 41
6 1 41
6 2 42
6 3 43
6 4 42
6 5 43
6 6 40
6 7 43
6 8 42
6 9 43
6 10 42
6 11 40
7 2 41
7 3 42
7 4 41
7 5 42
7 6 40
7 7 42
7 8 44
7 9 42
7 10 41
7 11 41
8 2 41
8 3 40
8 4 40
8 5 40
8 6 42
8 7 43
8 8 42
8 9 43
8 10 42
8 11 40
9 2 40
9 3 41
9 4 42
9 5 40
9 6 41
9 7 42
9 8 41
9 9 42
9 10 40
9 11 41
10 2 40
10 3 42
10 4 43
10 5 42
10 6 43
10 7 40
10 8 40
10 9 40
10 10 41
10 11 41
11 2 40
11 3 41
11 4 42
11 5 44
11 6 42
11 7 42
11 8 41
11 9 40
11 10 40
11 11 41
12 2 40
12 3 42
12 4 43
12 5 40
12 6 43
12 7 40
12 8 41
12 9 40
12 10 40
13 2 40
13 3 40
13 4 42
13 5 40
13 6 42
13 7 40
13 8 41
13 9 40
13 10 40
14 2 41
14 3 42
14 4 41
14 5 41
14 6 41
14 7 41
14 8 41
14 9 41
14 10 40
15 2 41
15 3 43
15 4 42
15 5 43
15 6 41
15 7 40
15 8 42
15 9 41
15 10 40
16 1 41
16 2 40
16 3 42
16 4 44
16 5 42
16 6 43
16 7 42
16 8 43
16 9 42
17 2 42
17 3 43
17 4 42
17 5 43
17 6 42
17 7 44
17 8 42
17 9 40
17 10 41
18 2 40
18 3 42
18 4 40
18 5 42
18 6 43
18 7 42
18 8 43
18 9 42
19 2 41
19 3 40
19 4 40
19 5 40
19 6 42
19 7 40
19 8 42
19 9 40
19 10 41
20 4 41
20 5 40
20 6 41
20 8 41
999 999 999
