0 15 22
0 16 22
0 17 22
0 18 22
0 19 22
0 42 6
0 43 6
0 44 6
0 45 6
0 46 6
1 15 6
1 16 6
1 17 6
1 18 6
1 19 6
1 42 6
1 43 6
1 44 6
1 45 6
1 46 6
2 15 6
2 16 6
2 17 6
2 18 6
2 19 6
2 42 6
2 43 6
2 44 6
2 45 6
2 46 6
3 15 6
3 16 6
3 17 6
3 18 6
3 19 6
3 42 6
3 43 6
3 44 6
3 45 6
3 46 6
4 15 6
4 16 6
4 17 6
4 18 6
4 19 6
4 22 30
4 23 30
4 24 30
4 25 30
4 26 30
4 27 30
4 28 30
4 29 30
4 30 30
4 31 30
4 32 30
4 33 30
4 34 30
4 35 30
4 36 30
4 37 30
4 38 30
4 39 30
4 42 6
4 43 6
4 44 6
4 45 6
4 46 6
5 15 6
5 16 6
5 17 6
5 18 6
5 19 6
5 21 29
5 22 29
5 23 29
5 24 29
5 25 29
5 26 29
5 27 29
5 28 29
5 29 29
5 30 29
5 31 29
5 32 29
5 33 29
5 34 29
5 35 29
5 36 29
5 37 29
5 38 29
5 39 29
5 40 29
5 42 6
5 43 6
5 44 6
5 45 6
5 46 6
6 15 6
6 16 6
6 17 6
6 18 6
6 19 6
6 20 28
6 21 28
6 22 28
6 23 28
6 24 28
6 25 28
6 26 28
6 27 28
6 28 28
6 29 28
6 30 28
6 31 28
6 32 28
6 33 28
6 34 28
6 35 28
6 36 28
6 37 28
6 38 28
6 39 28
6 40 28
6 41 28
6 42 6
6 43 6
6 44 6
6 45 6
6 46 6
7 7 22
7 8 22
7 9 22
7 10 22
7 11 22
7 15 6
7 16 6
7 17 6
7 18 6
7 19 27
7 20 27
7 21 27
7 22 27
7 23 27
7 24 27
7 25 27
7 26 27
7 27 27
7 28 27
7 29 27
7 30 27
7 31 27
7 32 27
7 33 27
7 34 27
7 35 27
7 36 27
7 37 27
7 38 27
7 39 27
7 40 27
7 41 27
7 42 27
7 43 6
7 44 6
7 45 6
7 46 6
7 50 22
7 51 22
7 52 22
7 53 22
7 54 22
8 7 6
8 8 6
8 9 6
8 10 6
8 11 6
8 15 6
8 16 6
8 17 6
8 18 27
8 19 27
8 20 27
8 21 27
8 22 27
8 23 27
8 24 27
8 25 27
8 26 27
8 27 27
8 28 27
8 29 27
8 30 27
8 31 27
8 32 27
8 33 27
8 34 27
8 35 27
8 36 27
8 37 27
8 38 27
8 39 27
8 40 27
8 41 27
8 42 27
8 43 27
8 44 6
8 45 6
8 46 6
8 50 6
8 51 6
8 52 6
8 53 6
8 54 6
9 7 6
9 8 6
9 9 6
9 10 6
9 11 6
9 15 6
9 16 6
9 17 27
9 18 27
9 19 27
9 20 27
9 21 27
9 22 27
9 23 27
9 24 27
9 25 27
9 26 27
9 27 27
9 28 27
9 29 27
9 30 27
9 31 27
9 32 27
9 33 27
9 34 27
9 35 27
9 36 27
9 37 27
9 38 27
9 39 27
9 40 27
9 41 27
9 42 27
9 43 27
9 44 27
9 45 6
9 46 6
9 50 6
9 51 6
9 52 6
9 53 6
9 54 6
10 7 6
10 8 6
10 9 6
10 10 6
10 11 6
10 15 6
10 16 27
10 17 27
10 18 27
10 19 27
10 20 27
10 21 27
10 22 27
10 23 27
10 24 27
10 25 27
10 26 27
10 27 27
10 28 27
10 29 27
10 30 27
10 31 27
10 32 27
10 33 27
10 34 27
10 35 27
10 36 27
10 37 27
10 38 27
10 39 27
10 40 27
10 41 27
10 42 27
10 43 27
10 44 27
10 45 27
10 46 6
10 50 6
10 51 6
10 52 6
10 53 6
10 54 6
11 7 6
11 8 6
11 9 6
11 10 6
11 11 6
11 15 27
11 16 27
11 17 27
11 18 27
11 19 27
11 20 27
11 21 27
11 22 27
11 23 27
11 24 27
11 25 27
11 26 27
11 27 27
11 28 25
11 29 25
11 30 25
11 31 25
11 32 27
11 33 27
11 34 27
11 35 27
11 36 27
11 37 27
11 38 27
11 39 27
11 40 27
11 41 27
11 42 27
11 43 27
11 44 27
11 45 27
11 46 27
11 50 6
11 51 6
11 52 6
11 53 6
11 54 6
12 7 6
12 8 6
12 9 6
12 10 6
12 11 6
12 14 27
12 15 27
12 16 27
12 17 27
12 18 27
12 19 27
12 20 27
12 21 27
12 22 27
12 23 27
12 24 27
12 25 27
12 26 27
12 27 25
12 28 25
12 29 25
12 30 25
12 31 25
12 32 25
12 33 27
12 34 27
12 35 27
12 36 27
12 37 27
12 38 27
12 39 27
12 40 27
12 41 27
12 42 27
12 43 27
12 44 27
12 45 27
12 46 27
12 47 27
12 50 6
12 51 6
12 52 6
12 53 6
12 54 6
13 7 6
13 8 6
13 9 6
13 10 6
13 11 6
13 13 27
13 14 27
13 15 27
13 16 27
13 17 27
13 18 27
13 19 27
13 20 27
13 21 27
13 22 27
13 23 27
13 24 27
13 25 27
13 26 25
13 27 25
13 28 25
13 29 25
13 30 25
13 31 25
13 32 25
13 33 25
13 34 27
13 35 27
13 36 27
13 37 27
13 38 27
13 39 27
13 40 27
13 41 27
13 42 27
13 43 27
13 44 27
13 45 27
13 46 27
13 47 27
13 48 27
13 50 6
13 51 6
13 52 6
13 53 6
13 54 6
14 7 6
14 8 6
14 9 6
14 10 6
14 11 6
14 12 27
14 13 27
14 14 27
14 15 27
14 16 27
14 17 27
14 18 27
14 19 27
14 20 27
14 21 27
14 22 27
14 23 27
14 24 27
14 25 25
14 26 25
14 27 25
14 28 25
14 29 25
14 30 25
14 31 25
14 32 25
14 33 25
14 34 25
14 35 27
14 36 27
14 37 27
14 38 27
14 39 27
14 40 27
14 41 27
14 42 27
14 43 27
14 44 27
14 45 27
14 46 27
14 47 27
14 48 27
14 49 27
14 50 6
14 51 6
14 52 6
14 53 6
14 54 6
15 7 6
15 8 6
15 9 6
15 10 6
15 11 27
15 12 27
15 13 27
15 14 27
15 15 27
15 16 27
15 17 27
15 18 27
15 19 27
15 20 27
15 21 27
15 22 27
15 23 27
15 24 25
15 25 25
15 26 25
15 27 25
15 28 25
15 29 23
15 30 23
15 31 25
15 32 25
15 33 25
15 34 25
15 35 25
15 36 27
15 37 27
15 38 27
15 39 27
15 40 27
15 41 27
15 42 27
15 43 27
15 44 27
15 45 27
15 46 27
15 47 27
15 48 27
15 49 27
15 50 27
15 51 6
15 52 6
15 53 6
15 54 6
16 7 6
16 8 6
16 9 6
16 10 27
16 11 27
16 12 27
16 13 27
16 14 27
16 15 27
16 16 27
16 17 27
16 18 27
16 19 27
16 20 27
16 21 27
16 22 27
16 23 25
16 24 25
16 25 25
16 26 25
16 27 25
16 28 23
16 29 23
16 30 23
16 31 23
16 32 25
16 33 25
16 34 25
16 35 25
16 36 25
16 37 27
16 38 27
16 39 27
16 40 27
16 41 27
16 42 27
16 43 27
16 44 27
16 45 27
16 46 27
16 47 27
16 48 27
16 49 27
16 50 27
16 51 27
16 52 6
16 53 6
16 54 6
17 7 6
17 8 6
17 9 27
17 10 27
17 11 27
17 12 27
17 13 27
17 14 27
17 15 27
17 16 27
17 17 27
17 18 27
17 19 27
17 20 27
17 21 27
17 22 25
17 23 25
17 24 25
17 25 25
17 26 25
17 27 23
17 28 23
17 29 23
17 30 23
17 31 23
17 32 23
17 33 25
17 34 25
17 35 25
17 36 25
17 37 25
17 38 27
17 39 27
17 40 27
17 41 27
17 42 27
17 43 27
17 44 27
17 45 27
17 46 27
17 47 27
17 48 27
17 49 27
17 50 27
17 51 27
17 52 27
17 53 6
17 54 6
18 7 6
18 8 27
18 9 27
18 10 27
18 11 27
18 12 27
18 13 27
18 14 27
18 15 27
18 16 27
18 17 27
18 18 27
18 19 27
18 20 27
18 21 25
18 22 25
18 23 25
18 24 25
18 25 25
18 26 23
18 27 23
18 28 23
18 29 21
18 30 21
18 31 23
18 32 23
18 33 23
18 34 25
18 35 25
18 36 25
18 37 25
18 38 25
18 39 27
18 40 27
18 41 27
18 42 27
18 43 27
18 44 27
18 45 27
18 46 27
18 47 27
18 48 27
18 49 27
18 50 27
18 51 27
18 52 27
18 53 27
18 54 6
19 7 27
19 8 27
19 9 27
19 10 27
19 11 27
19 12 27
19 13 27
19 14 27
19 15 27
19 16 27
19 17 27
19 18 27
19 19 27
19 20 25
19 21 25
19 22 25
19 23 25
19 24 25
19 25 23
19 26 23
19 27 23
19 28 21
19 29 53
19 30 53
19 31 21
19 32 23
19 33 23
19 34 23
19 35 25
19 36 25
19 37 25
19 38 25
19 39 25
19 40 27
19 41 27
19 42 27
19 43 27
19 44 27
19 45 27
19 46 27
19 47 27
19 48 27
19 49 27
19 50 27
19 51 27
19 52 27
19 53 27
19 54 27
20 6 27
20 7 27
20 8 27
20 9 27
20 10 27
20 11 27
20 12 27
20 13 27
20 14 27
20 15 27
20 16 27
20 17 27
20 18 27
20 19 25
20 20 25
20 21 25
20 22 25
20 23 25
20 24 23
20 25 23
20 26 23
20 27 21
20 28 53
20 29 53
20 30 53
20 31 53
20 32 21
20 33 23
20 34 23
20 35 23
20 36 25
20 37 25
20 38 25
20 39 25
20 40 25
20 41 27
20 42 27
20 43 27
20 44 27
20 45 27
20 46 27
20 47 27
20 48 27
20 49 27
20 50 27
20 51 27
20 52 27
20 53 27
20 54 27
20 55 28
21 5 28
21 6 27
21 7 27
21 8 27
21 9 27
21 10 27
21 11 27
21 12 27
21 13 27
21 14 27
21 15 27
21 16 27
21 17 27
21 18 25
21 19 25
21 20 25
21 21 25
21 22 25
21 23 23
21 24 23
21 25 23
21 26 21
21 27 53
21 28 53
21 29 53
21 30 53
21 31 53
21 32 53
21 33 21
21 34 23
21 35 23
21 36 23
21 37 25
21 38 25
21 39 25
21 40 25
21 41 25
21 42 27
21 43 27
21 44 27
21 45 27
21 46 27
21 47 27
21 48 27
21 49 27
21 50 27
21 51 27
21 52 27
21 53 27
21 54 27
21 55 28
21 56 28
22 4 28
22 5 28
22 6 27
22 7 27
22 8 27
22 9 27
22 10 27
22 11 27
22 12 27
22 13 27
22 14 27
22 15 27
22 16 27
22 17 25
22 18 25
22 19 25
22 20 25
22 21 25
22 22 23
22 23 23
22 24 23
22 25 21
22 26 53
22 27 53
22 28 53
22 29 53
22 30 53
22 31 53
22 32 53
22 33 53
22 34 21
22 35 23
22 36 23
22 37 23
22 38 25
22 39 25
22 40 25
22 41 25
22 42 25
22 43 27
22 44 27
22 45 27
22 46 27
22 47 27
22 48 27
22 49 27
22 50 27
22 51 27
22 52 27
22 53 27
22 54 27
22 55 28
22 56 28
22 57 29
23 3 29
23 4 28
23 5 28
23 6 27
23 7 27
23 8 27
23 9 27
23 10 27
23 11 27
23 12 27
23 13 27
23 14 27
23 15 27
23 16 25
23 17 25
23 18 25
23 19 25
23 20 25
23 21 23
23 22 23
23 23 23
23 24 21
23 25 53
23 26 53
23 27 53
23 28 53
23 29 53
23 30 53
23 31 53
23 32 53
23 33 53
23 34 53
23 35 21
23 36 23
23 37 23
23 38 23
23 39 25
23 40 25
23 41 25
23 42 25
23 43 25
23 44 27
23 45 27
23 46 27
23 47 27
23 48 27
23 49 27
23 50 27
23 51 27
23 52 27
23 53 27
23 54 27
23 55 28
23 56 28
23 57 29
23 58 29
24 2 29
24 3 29
24 4 28
24 5 28
24 6 27
24 7 27
24 8 27
24 9 27
24 10 27
24 11 27
24 12 27
24 13 27
24 14 27
24 15 27
24 16 25
24 17 25
24 18 25
24 19 25
24 20 23
24 21 23
24 22 23
24 23 21
24 24 53
24 25 53
24 26 53
24 27 53
24 28 53
24 29 53
24 30 53
24 31 53
24 32 53
24 33 53
24 34 53
24 35 53
24 36 21
24 37 23
24 38 23
24 39 23
24 40 25
24 41 25
24 42 25
24 43 25
24 44 27
24 45 27
24 46 27
24 47 27
24 48 27
24 49 27
24 50 27
24 51 27
24 52 27
24 53 27
24 54 27
24 55 28
24 56 28
24 57 29
24 58 29
24 59 30
25 1 30
25 2 29
25 3 29
25 4 28
25 5 28
25 6 27
25 7 27
25 8 27
25 9 27
25 10 27
25 11 27
25 12 27
25 13 27
25 14 27
25 15 27
25 16 25
25 17 25
25 18 25
25 19 23
25 20 23
25 21 23
25 22 21
25 23 53
25 24 53
25 25 53
25 26 53
25 27 53
25 28 53
25 29 53
25 30 53
25 31 53
25 32 53
25 33 53
25 34 53
25 35 53
25 36 53
25 37 21
25 38 23
25 39 23
25 40 23
25 41 25
25 42 25
25 43 25
25 44 27
25 45 27
25 46 27
25 47 27
25 48 27
25 49 27
25 50 27
25 51 27
25 52 27
25 53 27
25 54 27
25 55 28
25 56 28
25 57 29
25 58 29
25 59 30
25 60 30
26 0 30
26 1 30
26 2 29
26 3 29
26 4 28
26 5 28
26 6 27
26 7 27
26 8 27
26 9 27
26 10 27
26 11 27
26 12 27
26 13 27
26 14 27
26 15 27
26 16 25
26 17 25
26 18 25
26 19 23
26 20 23
26 21 21
26 22 21
26 23 21
26 24 21
26 25 21
26 26 21
26 27 21
26 28 21
26 29 21
26 30 21
26 31 21
26 32 21
26 33 21
26 34 21
26 35 21
26 36 21
26 37 21
26 38 21
26 39 23
26 40 23
26 41 25
26 42 25
26 43 25
26 44 27
26 45 27
26 46 27
26 47 27
26 48 27
26 49 27
26 50 27
26 51 27
26 52 27
26 53 27
26 54 27
26 55 28
26 56 28
26 57 29
26 58 29
26 59 30
26 60 30
27 0 30
27 1 30
27 2 29
27 3 29
27 4 28
27 5 28
27 6 27
27 7 27
27 8 27
27 9 27
27 10 27
27 11 27
27 12 27
27 13 27
27 14 27
27 15 27
27 16 25
27 17 25
27 18 25
27 19 23
27 20 23
27 21 21
27 22 53
27 23 53
27 24 53
27 25 53
27 26 53
27 27 53
27 28 53
27 29 21
27 30 21
27 31 53
27 32 53
27 33 53
27 34 53
27 35 53
27 36 53
27 37 53
27 38 21
27 39 23
27 40 23
27 41 25
27 42 25
27 43 25
27 44 27
27 45 27
27 46 27
27 47 27
27 48 27
27 49 27
27 50 27
27 51 27
27 52 27
27 53 27
27 54 27
27 55 28
27 56 28
27 57 29
27 58 29
27 59 30
27 60 30
28 0 30
28 1 30
28 2 29
28 3 29
28 4 28
28 5 28
28 6 27
28 7 27
28 8 27
28 9 27
28 10 27
28 11 27
28 12 27
28 13 27
28 14 27
28 15 27
28 16 25
28 17 25
28 18 25
28 19 23
28 20 23
28 21 21
28 22 53
28 23 53
28 24 53
28 25 53
28 26 53
28 27 53
28 28 53
28 29 21
28 30 21
28 31 53
28 32 53
28 33 53
28 34 53
28 35 53
28 36 53
28 37 53
28 38 21
28 39 23
28 40 23
28 41 25
28 42 25
28 43 25
28 44 27
28 45 27
28 46 27
28 47 27
28 48 27
28 49 27
28 50 27
28 51 27
28 52 27
28 53 27
28 54 27
28 55 28
28 56 28
28 57 29
28 58 29
28 59 30
28 60 30
29 0 30
29 1 30
29 2 29
29 3 29
29 4 28
29 5 28
29 6 27
29 7 27
29 8 27
29 9 27
29 10 27
29 11 27
29 12 27
29 13 27
29 14 27
29 15 27
29 16 25
29 17 25
29 18 25
29 19 23
29 20 23
29 21 21
29 22 31
29 23 53
29 24 53
29 25 53
29 26 53
29 27 53
29 28 53
29 29 21
29 30 21
29 31 53
29 32 53
29 33 53
29 34 53
29 35 53
29 36 53
29 37 53
29 38 21
29 39 23
29 40 23
29 41 25
29 42 25
29 43 25
29 44 27
29 45 27
29 46 27
29 47 27
29 48 27
29 49 27
29 50 27
29 51 27
29 52 27
29 53 27
29 54 27
29 55 28
29 56 28
29 57 29
29 58 29
29 59 30
29 60 30
30 0 30
30 1 30
30 2 29
30 3 29
30 4 28
30 5 28
30 6 27
30 7 27
30 8 27
30 9 27
30 10 27
30 11 27
30 12 27
30 13 27
30 14 27
30 15 27
30 16 25
30 17 25
30 18 25
30 19 23
30 20 23
30 21 21
30 22 53
30 23 31
30 24 53
30 25 53
30 26 53
30 27 53
30 28 53
30 29 21
30 30 21
30 31 53
30 32 53
30 33 53
30 34 53
30 35 53
30 36 53
30 37 53
30 38 21
30 39 23
30 40 23
30 41 25
30 42 25
30 43 25
30 44 27
30 45 27
30 46 27
30 47 27
30 48 27
30 49 27
30 50 27
30 51 27
30 52 27
30 53 27
30 54 27
30 55 28
30 56 28
30 57 29
30 58 29
30 59 30
30 60 30
31 0 30
31 1 30
31 2 29
31 3 29
31 4 28
31 5 28
31 6 27
31 7 27
31 8 27
31 9 27
31 10 27
31 11 27
31 12 27
31 13 27
31 14 27
31 15 27
31 16 25
31 17 25
31 18 25
31 19 23
31 20 23
31 21 21
31 22 53
31 23 53
31 24 31
31 25 53
31 26 53
31 27 53
31 28 53
31 29 21
31 30 21
31 31 53
31 32 53
31 33 53
31 34 53
31 35 53
31 36 53
31 37 53
31 38 21
31 39 23
31 40 23
31 41 25
31 42 25
31 43 25
31 44 27
31 45 27
31 46 27
31 47 27
31 48 27
31 49 27
31 50 27
31 51 27
31 52 27
31 53 27
31 54 27
31 55 28
31 56 28
31 57 29
31 58 29
31 59 30
31 60 30
32 0 30
32 1 30
32 2 29
32 3 29
32 4 28
32 5 28
32 6 27
32 7 27
32 8 27
32 9 27
32 10 27
32 11 27
32 12 27
32 13 27
32 14 27
32 15 27
32 16 25
32 17 25
32 18 25
32 19 23
32 20 23
32 21 21
32 22 53
32 23 53
32 24 53
32 25 31
32 26 53
32 27 53
32 28 53
32 29 21
32 30 21
32 31 53
32 32 53
32 33 53
32 34 53
32 35 53
32 36 53
32 37 53
32 38 21
32 39 23
32 40 23
32 41 25
32 42 25
32 43 25
32 44 27
32 45 27
32 46 27
32 47 27
32 48 27
32 49 27
32 50 27
32 51 27
32 52 27
32 53 27
32 54 27
32 55 28
32 56 28
32 57 29
32 58 29
32 59 30
32 60 30
33 0 30
33 1 30
33 2 29
33 3 29
33 4 28
33 5 28
33 6 27
33 7 27
33 8 27
33 9 27
33 10 27
33 11 27
33 12 27
33 13 27
33 14 27
33 15 27
33 16 25
33 17 25
33 18 25
33 19 23
33 20 23
33 21 21
33 22 53
33 23 53
33 24 53
33 25 53
33 26 31
33 27 53
33 28 53
33 29 21
33 30 21
33 31 31
33 32 53
33 33 53
33 34 53
33 35 53
33 36 53
33 37 53
33 38 21
33 39 23
33 40 23
33 41 25
33 42 25
33 43 25
33 44 27
33 45 27
33 46 27
33 47 27
33 48 27
33 49 27
33 50 27
33 51 27
33 52 27
33 53 27
33 54 27
33 55 28
33 56 28
33 57 29
33 58 29
33 59 30
33 60 30
34 0 30
34 1 30
34 2 29
34 3 29
34 4 28
34 5 28
34 6 27
34 7 27
34 8 27
34 9 27
34 10 27
34 11 27
34 12 27
34 13 27
34 14 27
34 15 27
34 16 25
34 17 25
34 18 25
34 19 23
34 20 23
34 21 21
34 22 53
34 23 53
34 24 53
34 25 53
34 26 53
34 27 31
34 28 53
34 29 21
34 30 21
34 31 53
34 32 31
34 33 53
34 34 53
34 35 53
34 36 53
34 37 53
34 38 21
34 39 23
34 40 23
34 41 25
34 42 25
34 43 25
34 44 27
34 45 27
34 46 27
34 47 27
34 48 27
34 49 27
34 50 27
34 51 27
34 52 27
34 53 27
34 54 27
34 55 28
34 56 28
34 57 29
34 58 29
34 59 30
34 60 30
35 0 30
35 1 30
35 2 29
35 3 29
35 4 28
35 5 28
35 6 27
35 7 27
35 8 27
35 9 27
35 10 27
35 11 27
35 12 27
35 13 27
35 14 27
35 15 27
35 16 25
35 17 25
35 18 25
35 19 23
35 20 23
35 21 21
35 22 53
35 23 53
35 24 53
35 25 53
35 26 53
35 27 53
35 28 31
35 29 21
35 30 21
35 31 53
35 32 53
35 33 31
35 34 53
35 35 53
35 36 53
35 37 53
35 38 21
35 39 23
35 40 23
35 41 25
35 42 25
35 43 25
35 44 27
35 45 27
35 46 27
35 47 27
35 48 27
35 49 27
35 50 27
35 51 27
35 52 27
35 53 27
35 54 27
35 55 28
35 56 28
35 57 29
35 58 29
35 59 30
35 60 30
36 0 30
36 1 30
36 2 29
36 3 29
36 4 28
36 5 28
36 6 27
36 7 27
36 8 27
36 9 27
36 10 27
36 11 27
36 12 27
36 13 27
36 14 27
36 15 27
36 16 25
36 17 25
36 18 25
36 19 23
36 20 23
36 21 21
36 22 53
36 23 53
36 24 53
36 25 53
36 26 53
36 27 53
36 28 53
36 29 21
36 30 21
36 31 53
36 32 53
36 33 53
36 34 31
36 35 53
36 36 53
36 37 53
36 38 21
36 39 23
36 40 23
36 41 25
36 42 25
36 43 25
36 44 27
36 45 27
36 46 27
36 47 27
36 48 27
36 49 27
36 50 27
36 51 27
36 52 27
36 53 27
36 54 27
36 55 28
36 56 28
36 57 29
36 58 29
36 59 30
36 60 30
37 0 30
37 1 30
37 2 29
37 3 29
37 4 28
37 5 28
37 6 27
37 7 27
37 8 27
37 9 27
37 10 27
37 11 27
37 12 27
37 13 27
37 14 27
37 15 27
37 16 25
37 17 25
37 18 25
37 19 23
37 20 23
37 21 21
37 22 53
37 23 53
37 24 53
37 25 53
37 26 53
37 27 53
37 28 53
37 29 21
37 30 21
37 31 53
37 32 53
37 33 53
37 34 53
37 35 31
37 36 53
37 37 53
37 38 21
37 39 23
37 40 23
37 41 25
37 42 25
37 43 25
37 44 27
37 45 27
37 46 27
37 47 27
37 48 27
37 49 27
37 50 27
37 51 27
37 52 27
37 53 27
37 54 27
37 55 28
37 56 28
37 57 29
37 58 29
37 59 30
37 60 30
38 0 30
38 1 30
38 2 29
38 3 29
38 4 28
38 5 28
38 6 27
38 7 27
38 8 27
38 9 27
38 10 27
38 11 27
38 12 27
38 13 27
38 14 27
38 15 27
38 16 25
38 17 25
38 18 25
38 19 23
38 20 23
38 21 21
38 22 53
38 23 53
38 24 53
38 25 53
38 26 53
38 27 53
38 28 53
38 29 21
38 30 21
38 31 53
38 32 53
38 33 53
38 34 53
38 35 53
38 36 31
38 37 53
38 38 21
38 39 23
38 40 23
38 41 25
38 42 25
38 43 25
38 44 27
38 45 27
38 46 27
38 47 27
38 48 27
38 49 27
38 50 27
38 51 27
38 52 27
38 53 27
38 54 27
38 55 28
38 56 28
38 57 29
38 58 29
38 59 30
38 60 30
39 0 30
39 1 30
39 2 29
39 3 29
39 4 28
39 5 28
39 6 27
39 7 27
39 8 27
39 9 27
39 10 27
39 11 27
39 12 27
39 13 27
39 14 27
39 15 27
39 16 25
39 17 25
39 18 25
39 19 23
39 20 23
39 21 21
39 22 53
39 23 53
39 24 53
39 25 53
39 26 53
39 27 53
39 28 53
39 29 21
39 30 21
39 31 53
39 32 53
39 33 53
39 34 53
39 35 53
39 36 53
39 37 31
39 38 21
39 39 23
39 40 23
39 41 25
39 42 25
39 43 25
39 44 27
39 45 27
39 46 27
39 47 27
39 48 27
39 49 27
39 50 27
39 51 27
39 52 27
39 53 27
39 54 27
39 55 28
39 56 28
39 57 29
39 58 29
39 59 30
39 60 30
40 0 30
40 1 30
40 2 29
40 3 29
40 4 28
40 5 28
40 6 27
40 7 27
40 8 27
40 9 27
40 10 27
40 11 27
40 12 27
40 13 27
40 14 27
40 15 27
40 16 25
40 17 25
40 18 25
40 19 23
40 20 23
40 21 21
40 22 53
40 23 53
40 24 53
40 25 53
40 26 53
40 27 53
40 28 53
40 29 21
40 30 21
40 31 53
40 32 53
40 33 53
40 34 53
40 35 53
40 36 53
40 37 53
40 38 21
40 39 23
40 40 23
40 41 25
40 42 25
40 43 25
40 44 27
40 45 27
40 46 27
40 47 27
40 48 27
40 49 27
40 50 27
40 51 27
40 52 27
40 53 27
40 54 27
40 55 28
40 56 28
40 57 29
40 58 29
40 59 30
40 60 30
41 0 30
41 1 30
41 2 29
41 3 29
41 4 28
41 5 28
41 6 27
41 7 27
41 8 27
41 9 27
41 10 27
41 11 27
41 12 27
41 13 27
41 14 27
41 15 27
41 16 25
41 17 25
41 18 25
41 19 23
41 20 23
41 21 21
41 22 53
41 23 53
41 24 53
41 25 53
41 26 53
41 27 53
41 28 53
41 29 21
41 30 21
41 31 53
41 32 53
41 33 53
41 34 53
41 35 53
41 36 53
41 37 53
41 38 21
41 39 23
41 40 23
41 41 25
41 42 25
41 43 25
41 44 27
41 45 27
41 46 27
41 47 27
41 48 27
41 49 27
41 50 27
41 51 27
41 52 27
41 53 27
41 54 27
41 55 28
41 56 28
41 57 29
41 58 29
41 59 30
41 60 30
42 0 30
42 1 30
42 2 29
42 3 29
42 4 28
42 5 28
42 6 27
42 7 27
42 8 27
42 9 27
42 10 27
42 11 27
42 12 27
42 13 27
42 14 27
42 15 27
42 16 25
42 17 25
42 18 25
42 19 23
42 20 23
42 21 21
42 22 53
42 23 53
42 24 53
42 25 53
42 26 53
42 27 53
42 28 53
42 29 21
42 30 21
42 31 53
42 32 53
42 33 53
42 34 53
42 35 53
42 36 53
42 37 53
42 38 21
42 39 23
42 40 23
42 41 25
42 42 25
42 43 25
42 44 27
42 45 27
42 46 27
42 47 27
42 48 27
42 49 27
42 50 27
42 51 27
42 52 27
42 53 27
42 54 27
42 55 28
42 56 28
42 57 29
42 58 29
42 59 30
42 60 30
43 0 30
43 1 30
43 2 29
43 3 29
43 4 28
43 5 28
43 6 27
43 7 27
43 8 27
43 9 27
43 10 27
43 11 27
43 12 27
43 13 27
43 14 27
43 15 27
43 16 25
43 17 25
43 18 25
43 19 23
43 20 23
43 21 21
43 22 21
43 23 21
43 24 21
43 25 21
43 26 21
43 27 21
43 28 21
43 29 21
43 30 21
43 31 21
43 32 21
43 33 21
43 34 21
43 35 21
43 36 21
43 37 21
43 38 21
43 39 23
43 40 23
43 41 25
43 42 25
43 43 25
43 44 27
43 45 27
43 46 27
43 47 27
43 48 27
43 49 27
43 50 27
43 51 27
43 52 27
43 53 27
43 54 27
43 55 28
43 56 28
43 57 29
43 58 29
43 59 30
43 60 30
44 0 30
44 1 30
44 2 29
44 3 29
44 4 28
44 5 28
44 6 27
44 7 27
44 8 27
44 9 27
44 10 27
44 11 27
44 12 27
44 13 27
44 14 27
44 15 27
44 16 25
44 17 25
44 18 25
44 19 23
44 20 23
44 21 23
44 22 21
44 23 53
44 24 53
44 25 53
44 26 53
44 27 53
44 28 53
44 29 53
44 30 53
44 31 53
44 32 53
44 33 53
44 34 53
44 35 53
44 36 53
44 37 21
44 38 23
44 39 23
44 40 23
44 41 25
44 42 25
44 43 25
44 44 27
44 45 27
44 46 27
44 47 27
44 48 27
44 49 27
44 50 27
44 51 27
44 52 27
44 53 27
44 54 27
44 55 28
44 56 28
44 57 29
44 58 29
44 59 30
44 60 30
45 0 30
45 1 30
45 2 29
45 3 29
45 4 28
45 5 28
45 6 27
45 7 27
45 8 27
45 9 27
45 10 27
45 11 27
45 12 27
45 13 27
45 14 27
45 15 27
45 16 25
45 17 25
45 18 25
45 19 25
45 20 23
45 21 23
45 22 23
45 23 21
45 24 53
45 25 53
45 26 53
45 27 53
45 28 53
45 29 53
45 30 53
45 31 53
45 32 53
45 33 53
45 34 53
45 35 53
45 36 21
45 37 23
45 38 23
45 39 23
45 40 25
45 41 25
45 42 25
45 43 25
45 44 27
45 45 27
45 46 27
45 47 27
45 48 27
45 49 27
45 50 27
45 51 27
45 52 27
45 53 27
45 54 27
45 55 28
45 56 28
45 57 29
45 58 29
45 59 30
45 60 30
46 0 30
46 1 30
46 2 29
46 3 29
46 4 28
46 5 28
46 6 27
46 7 27
46 8 27
46 9 27
46 10 27
46 11 27
46 12 27
46 13 27
46 14 27
46 15 27
46 16 27
46 17 25
46 18 25
46 19 25
46 20 25
46 21 23
46 22 23
46 23 23
46 24 21
46 25 53
46 26 53
46 27 53
46 28 53
46 29 53
46 30 53
46 31 53
46 32 53
46 33 53
46 34 53
46 35 21
46 36 23
46 37 23
46 38 23
46 39 25
46 40 25
46 41 25
46 42 25
46 43 25
46 44 27
46 45 27
46 46 27
46 47 27
46 48 27
46 49 27
46 50 27
46 51 27
46 52 27
46 53 27
46 54 27
46 55 28
46 56 28
46 57 29
46 58 29
46 59 30
46 60 30
47 0 30
47 1 30
47 2 29
47 3 29
47 4 28
47 5 28
47 6 27
47 7 27
47 8 27
47 9 27
47 10 27
47 11 27
47 12 27
47 13 27
47 14 27
47 15 27
47 16 27
47 17 27
47 18 25
47 19 25
47 20 25
47 21 25
47 22 23
47 23 23
47 24 23
47 25 21
47 26 21
47 27 21
47 28 21
47 29 21
47 30 21
47 31 21
47 32 21
47 33 21
47 34 21
47 35 23
47 36 23
47 37 23
47 38 25
47 39 25
47 40 25
47 41 25
47 42 25
47 43 27
47 44 27
47 45 27
47 46 27
47 47 27
47 48 27
47 49 27
47 50 27
47 51 27
47 52 27
47 53 27
47 54 27
47 55 28
47 56 28
47 57 29
47 58 29
47 59 30
47 60 30
48 0 30
48 1 30
48 2 29
48 3 29
48 4 28
48 5 28
48 6 27
48 7 27
48 8 27
48 9 27
48 10 27
48 11 27
48 12 27
48 13 27
48 14 27
48 15 27
48 16 27
48 17 27
48 18 27
48 19 25
48 20 25
48 21 25
48 22 25
48 23 23
48 24 23
48 25 23
48 26 23
48 27 23
48 28 23
48 29 23
48 30 23
48 31 23
48 32 23
48 33 23
48 34 23
48 35 23
48 36 23
48 37 25
48 38 25
48 39 25
48 40 25
48 41 25
48 42 27
48 43 27
48 44 27
48 45 27
48 46 27
48 47 27
48 48 27
48 49 27
48 50 27
48 51 27
48 52 27
48 53 27
48 54 27
48 55 28
48 56 28
48 57 29
48 58 29
48 59 30
48 60 30
49 0 30
49 1 30
49 2 29
49 3 29
49 4 28
49 5 28
49 6 27
49 7 27
49 8 27
49 9 27
49 10 27
49 11 27
49 12 27
49 13 27
49 14 27
49 15 27
49 16 27
49 17 27
49 18 27
49 19 27
49 20 25
49 21 25
49 22 25
49 23 25
49 24 23
49 25 23
49 26 23
49 27 23
49 28 23
49 29 23
49 30 23
49 31 23
49 32 23
49 33 23
49 34 23
49 35 23
49 36 25
49 37 25
49 38 25
49 39 25
49 40 25
49 41 27
49 42 27
49 43 27
49 44 27
49 45 27
49 46 27
49 47 27
49 48 27
49 49 27
49 50 27
49 51 27
49 52 27
49 53 27
49 54 27
49 55 28
49 56 28
49 57 29
49 58 29
49 59 30
49 60 30
50 0 30
50 1 30
50 2 29
50 3 29
50 4 28
50 5 28
50 6 27
50 7 27
50 8 27
50 9 27
50 10 27
50 11 27
50 12 27
50 13 27
50 14 27
50 15 27
50 16 27
50 17 27
50 18 27
50 19 27
50 20 27
50 21 25
50 22 25
50 23 25
50 24 25
50 25 23
50 26 23
50 27 23
50 28 23
50 29 23
50 30 23
50 31 23
50 32 23
50 33 23
50 34 23
50 35 25
50 36 25
50 37 25
50 38 25
50 39 25
50 40 27
50 41 27
50 42 27
50 43 27
50 44 27
50 45 27
50 46 27
50 47 27
50 48 27
50 49 27
50 50 27
50 51 27
50 52 27
50 53 27
50 54 27
50 55 28
50 56 28
50 57 29
50 58 29
50 59 30
50 60 30
51 0 30
51 1 30
51 2 29
51 3 29
51 4 28
51 5 28
51 6 27
51 7 27
51 8 27
51 9 27
51 10 27
51 11 27
51 12 27
51 13 27
51 14 27
51 15 27
51 16 27
51 17 27
51 18 27
51 19 27
51 20 27
51 21 27
51 22 25
51 23 25
51 24 25
51 25 25
51 26 25
51 27 25
51 28 25
51 29 25
51 30 25
51 31 25
51 32 25
51 33 25
51 34 25
51 35 25
51 36 25
51 37 25
51 38 25
51 39 27
51 40 27
51 41 27
51 42 27
51 43 27
51 44 27
51 45 27
51 46 27
51 47 27
51 48 27
51 49 27
51 50 27
51 51 27
51 52 27
51 53 27
51 54 27
51 55 28
51 56 28
51 57 29
51 58 29
51 59 30
51 60 30
52 1 30
52 2 29
52 3 29
52 4 28
52 5 28
52 6 27
52 7 27
52 8 27
52 9 27
52 10 27
52 11 27
52 12 27
52 13 27
52 14 27
52 15 27
52 16 27
52 17 27
52 18 27
52 19 27
52 20 27
52 21 27
52 22 27
52 23 25
52 24 25
52 25 25
52 26 25
52 27 25
52 28 25
52 29 25
52 30 25
52 31 25
52 32 25
52 33 25
52 34 25
52 35 25
52 36 25
52 37 25
52 38 27
52 39 27
52 40 27
52 41 27
52 42 27
52 43 27
52 44 27
52 45 27
52 46 27
52 47 27
52 48 27
52 49 27
52 50 27
52 51 27
52 52 27
52 53 27
52 54 27
52 55 28
52 56 28
52 57 29
52 58 29
52 59 30
53 2 29
53 3 29
53 4 28
53 5 28
53 6 27
53 7 27
53 8 27
53 9 27
53 10 27
53 11 27
53 12 27
53 13 27
53 14 27
53 15 27
53 16 27
53 17 27
53 18 27
53 19 27
53 20 27
53 21 27
53 22 27
53 23 27
53 24 25
53 25 25
53 26 25
53 27 25
53 28 25
53 29 25
53 30 25
53 31 25
53 32 25
53 33 25
53 34 25
53 35 25
53 36 25
53 37 27
53 38 27
53 39 27
53 40 27
53 41 27
53 42 27
53 43 27
53 44 27
53 45 27
53 46 27
53 47 27
53 48 27
53 49 27
53 50 27
53 51 27
53 52 27
53 53 27
53 54 27
53 55 28
53 56 28
53 57 29
53 58 29
54 3 29
54 4 28
54 5 28
54 6 27
54 7 27
54 8 27
54 9 27
54 10 27
54 11 27
54 12 27
54 13 27
54 14 27
54 15 27
54 16 27
54 17 27
54 18 27
54 19 27
54 20 27
54 21 27
54 22 27
54 23 27
54 24 27
54 25 25
54 26 25
54 27 25
54 28 25
54 29 25
54 30 25
54 31 25
54 32 25
54 33 25
54 34 25
54 35 25
54 36 27
54 37 27
54 38 27
54 39 27
54 40 27
54 41 27
54 42 27
54 43 27
54 44 27
54 45 27
54 46 27
54 47 27
54 48 27
54 49 27
54 50 27
54 51 27
54 52 27
54 53 27
54 54 27
54 55 28
54 56 28
54 57 29
55 4 28
55 5 28
55 6 27
55 7 27
55 8 27
55 9 27
55 10 27
55 11 27
55 12 27
55 13 27
55 14 27
55 15 27
55 16 27
55 17 27
55 18 27
55 19 27
55 20 27
55 21 27
55 22 27
55 23 27
55 24 27
55 25 27
55 26 27
55 27 27
55 28 27
55 29 27
55 30 27
55 31 27
55 32 27
55 33 27
55 34 27
55 35 27
55 36 27
55 37 27
55 38 27
55 39 27
55 40 27
55 41 27
55 42 27
55 43 27
55 44 27
55 45 27
55 46 27
55 47 27
55 48 27
55 49 27
55 50 27
55 51 27
55 52 27
55 53 27
55 54 27
55 55 28
55 56 28
56 5 28
56 6 27
56 7 27
56 8 27
56 9 27
56 10 27
56 11 27
56 12 27
56 13 27
56 14 27
56 15 27
56 16 27
56 17 27
56 18 27
56 19 27
56 20 27
56 21 27
56 22 27
56 23 27
56 24 27
56 25 27
56 26 27
56 27 27
56 28 27
56 29 27
56 30 27
56 31 27
56 32 27
56 33 27
56 34 27
56 35 27
56 36 27
56 37 27
56 38 27
56 39 27
56 40 27
56 41 27
56 42 27
56 43 27
56 44 27
56 45 27
56 46 27
56 47 27
56 48 27
56 49 27
56 50 27
56 51 27
56 52 27
56 53 27
56 54 27
56 55 28
57 6 27
57 7 27
57 8 27
57 9 27
57 10 27
57 11 27
57 12 27
57 13 27
57 14 27
57 15 27
57 16 27
57 17 27
57 18 27
57 19 27
57 20 27
57 21 27
57 22 27
57 23 27
57 24 27
57 25 27
57 26 27
57 27 27
57 28 27
57 29 27
57 30 27
57 31 27
57 32 27
57 33 27
57 34 27
57 35 27
57 36 27
57 37 27
57 38 27
57 39 27
57 40 27
57 41 27
57 42 27
57 43 27
57 44 27
57 45 27
57 46 27
57 47 27
57 48 27
57 49 27
57 50 27
57 51 27
57 52 27
57 53 27
57 54 27
58 7 27
58 8 27
58 9 27
58 10 27
58 11 27
58 12 27
58 13 27
58 14 27
58 15 27
58 16 27
58 17 27
58 18 27
58 19 27
58 20 27
58 21 27
58 22 27
58 23 27
58 24 27
58 25 27
58 26 27
58 27 27
58 28 27
58 29 27
58 30 27
58 31 27
58 32 27
58 33 27
58 34 27
58 35 27
58 36 27
58 37 27
58 38 27
58 39 27
58 40 27
58 41 27
58 42 27
58 43 27
58 44 27
58 45 27
58 46 27
58 47 27
58 48 27
58 49 27
58 50 27
58 51 27
58 52 27
58 53 27
59 8 27
59 9 27
59 10 27
59 11 27
59 12 27
59 13 27
59 14 27
59 15 27
59 16 27
59 17 27
59 18 27
59 19 27
59 20 27
59 21 27
59 22 27
59 23 27
59 24 27
59 25 27
59 26 27
59 27 27
59 28 27
59 29 27
59 30 27
59 31 27
59 32 27
59 33 27
59 34 27
59 35 27
59 36 27
59 37 27
59 38 27
59 39 27
59 40 27
59 41 27
59 42 27
59 43 27
59 44 27
59 45 27
59 46 27
59 47 27
59 48 27
59 49 27
59 50 27
59 51 27
59 52 27
60 9 27
60 10 27
60 11 27
60 12 27
60 13 27
60 14 27
60 15 27
60 16 27
60 17 27
60 18 27
60 19 27
60 20 27
60 21 27
60 22 27
60 23 27
60 24 27
60 25 27
60 26 27
60 27 27
60 28 27
60 29 27
60 30 27
60 31 27
60 32 27
60 33 27
60 34 27
60 35 27
60 36 27
60 37 27
60 38 27
60 39 27
60 40 27
60 41 27
60 42 27
60 43 27
60 44 27
60 45 27
60 46 27
60 47 27
60 48 27
60 49 27
60 50 27
60 51 27
61 17 23
61 18 23
61 19 23
61 20 23
61 21 23
61 22 23
61 27 23
61 28 23
61 29 23
61 30 23
61 31 23
61 32 23
61 37 23
61 38 23
61 39 23
61 40 23
61 41 23
61 42 23
62 17 23
62 18 23
62 19 23
62 20 23
62 21 23
62 22 23
62 27 23
62 28 23
62 29 23
62 30 23
62 31 23
62 32 23
62 37 23
62 38 23
62 39 23
62 40 23
62 41 23
62 42 23
63 17 23
63 18 23
63 19 23
63 20 23
63 21 23
63 22 23
63 27 23
63 28 23
63 29 23
63 30 23
63 31 23
63 32 23
63 37 23
63 38 23
63 39 23
63 40 23
63 41 23
63 42 23
64 17 23
64 18 23
64 19 23
64 20 23
64 21 23
64 22 23
64 27 23
64 28 23
64 29 23
64 30 23
64 31 23
64 32 23
64 37 23
64 38 23
64 39 23
64 40 23
64 41 23
64 42 23
65 17 23
65 18 23
65 19 23
65 20 23
65 21 23
65 22 23
65 27 23
65 28 23
65 29 23
65 30 23
65 31 23
65 32 23
65 37 23
65 38 23
65 39 23
65 40 23
65 41 23
65 42 23
66 17 23
66 18 23
66 19 23
66 20 23
66 21 23
66 22 23
66 27 23
66 28 23
66 29 23
66 30 23
66 31 23
66 32 23
66 37 23
66 38 23
66 39 23
66 40 23
66 41 23
66 42 23
67 17 42
67 18 44
67 19 44
67 20 44
67 21 44
67 22 42
67 27 42
67 28 44
67 29 44
67 30 44
67 31 44
67 32 42
67 37 42
67 38 44
67 39 44
67 40 44
67 41 44
67 42 42
68 16 41
68 17 42
68 18 44
68 19 44
68 20 44
68 21 44
68 22 42
68 23 41
68 26 41
68 27 42
68 28 44
68 29 44
68 30 44
68 31 44
68 32 42
68 33 41
68 36 41
68 37 42
68 38 44
68 39 44
68 40 44
68 41 44
68 42 42
68 43 41
69 16 41
69 17 42
69 18 42
69 19 44
69 20 44
69 21 42
69 22 42
69 23 41
69 26 41
69 27 42
69 28 42
69 29 44
69 30 44
69 31 42
69 32 42
69 33 41
69 36 41
69 37 42
69 38 42
69 39 44
69 40 44
69 41 42
69 42 42
69 43 41
70 16 41
70 17 41
70 18 42
70 19 42
70 20 42
70 21 42
70 22 41
70 23 41
70 26 41
70 27 41
70 28 42
70 29 42
70 30 42
70 31 42
70 32 41
70 33 41
70 36 41
70 37 41
70 38 42
70 39 42
70 40 42
70 41 42
70 42 41
70 43 41
71 16 40
71 17 41
71 18 41
71 19 42
71 20 42
71 21 41
71 22 41
71 23 40
71 26 40
71 27 41
71 28 41
71 29 42
71 30 42
71 31 41
71 32 41
71 33 40
71 36 40
71 37 41
71 38 41
71 39 42
71 40 42
71 41 41
71 42 41
71 43 40
72 16 40
72 17 40
72 18 41
72 19 41
72 20 41
72 21 41
72 22 40
72 23 40
72 26 40
72 27 40
72 28 41
72 29 41
72 30 41
72 31 41
72 32 40
72 33 40
72 36 40
72 37 40
72 38 41
72 39 41
72 40 41
72 41 41
72 42 40
72 43 40
73 17 40
73 18 40
73 19 41
73 20 41
73 21 40
73 22 40
73 27 40
73 28 40
73 29 41
73 30 41
73 31 40
73 32 40
73 37 40
73 38 40
73 39 41
73 40 41
73 41 40
73 42 40
74 18 40
74 19 40
74 20 40
74 21 40
74 28 40
74 29 40
74 30 40
74 31 40
74 38 40
74 39 40
74 40 40
74 41 40
999 999 999
