0 12 15
0 13 15
0 14 15
0 15 15
0 16 15
1 12 15
1 14 15
2 12 15
2 14 15
3 12 15
3 14 15
6 12 15
6 16 15
7 12 15
7 13 15
7 14 15
7 15 15
7 16 15
8 12 15
8 16 15
11 12 15
11 13 15
11 14 15
11 15 15
11 16 15
12 12 15
12 14 15
12 16 15
13 12 15
13 14 15
13 16 15
14 12 15
14 14 15
14 16 15
15 12 15
15 16 15
18 9 15
18 12 15
18 13 15
18 14 15
18 15 15
18 16 15
19 10 15
19 16 15
20 6 15
20 10 15
20 16 15
21 6 15
21 7 15
21 8 15
21 9 15
21 16 15
22 6 15
22 16 15
25 8 15
25 9 15
25 10 15
25 12 15
25 13 15
25 14 15
25 15 15
25 16 15
26 7 15
26 9 15
26 12 15
26 16 15
27 6 15
27 9 15
27 12 15
27 16 15
28 7 15
28 9 15
28 12 15
28 16 15
29 8 15
29 9 15
29 10 15
29 13 15
29 14 15
29 15 15
32 7 15
32 10 15
32 12 15
32 13 15
32 14 15
32 15 15
32 16 15
33 6 15
33 8 15
33 10 15
33 13 15
34 6 15
34 8 15
34 10 15
34 14 15
34 15 15
35 6 15
35 8 15
35 10 15
35 13 15
36 6 15
36 9 15
36 12 15
36 13 15
36 14 15
36 15 15
36 16 15
39 0 15
39 1 15
39 2 15
39 3 15
39 4 15
39 7 15
39 8 15
39 9 15
39 14 15
39 15 15
39 16 15
40 0 15
40 2 15
40 4 15
40 6 15
40 10 15
40 13 15
40 15 15
41 0 15
41 2 15
41 4 15
41 6 15
41 10 15
41 12 15
41 15 15
42 0 15
42 2 15
42 4 15
42 6 15
42 10 15
42 13 15
42 15 15
43 1 15
43 3 15
43 7 15
43 8 15
43 9 15
43 14 15
43 15 15
43 16 15
46 0 15
46 6 15
46 7 15
46 8 15
46 9 15
46 10 15
46 12 15
46 13 15
46 14 15
46 15 15
46 16 15
47 1 15
47 7 15
47 13 15
48 2 15
48 3 15
48 4 15
48 8 15
48 14 15
49 1 15
49 9 15
49 15 15
50 0 15
50 6 15
50 7 15
50 8 15
50 9 15
50 10 15
50 12 15
50 13 15
50 14 15
50 15 15
50 16 15
999 999 999
