0 1 53
0 2 53
0 3 53
0 4 53
0 5 53
0 6 53
0 7 53
0 8 53
0 9 53
0 10 53
0 11 53
0 12 53
0 13 53
0 14 53
0 15 53
0 16 53
0 17 53
0 18 53
1 0 53
1 1 32
1 2 32
1 3 32
1 4 32
1 5 32
1 6 32
1 7 32
1 8 32
1 9 32
1 10 32
1 11 32
1 12 32
1 13 32
1 14 32
1 15 32
1 16 32
1 17 32
1 18 32
1 19 53
2 0 53
2 1 32
2 2 32
2 3 32
2 4 32
2 5 32
2 6 32
2 7 32
2 8 32
2 9 32
2 10 32
2 11 32
2 12 32
2 13 32
2 14 32
2 15 32
2 16 32
2 17 32
2 18 32
2 19 53
3 0 53
3 1 32
3 2 32
3 3 32
3 4 32
3 5 32
3 6 32
3 7 32
3 8 32
3 9 32
3 10 32
3 11 32
3 12 32
3 13 32
3 14 32
3 15 32
3 16 32
3 17 32
3 18 32
3 19 53
4 0 53
4 1 32
4 2 32
4 3 32
4 4 32
4 5 32
4 6 32
4 7 32
4 8 32
4 9 32
4 10 32
4 11 32
4 12 32
4 13 32
4 14 32
4 15 32
4 16 32
4 17 32
4 18 32
4 19 53
5 0 53
5 1 32
5 2 32
5 3 32
5 4 32
5 5 32
5 6 32
5 7 32
5 8 32
5 9 32
5 10 32
5 11 32
5 12 32
5 13 32
5 14 32
5 15 32
5 16 32
5 17 32
5 18 32
5 19 53
6 0 53
6 1 32
6 2 32
6 3 32
6 4 32
6 5 32
6 6 32
6 7 32
6 8 32
6 9 32
6 10 32
6 11 32
6 12 32
6 13 32
6 14 32
6 15 32
6 16 32
6 17 32
6 18 32
6 19 53
7 0 53
7 1 32
7 2 32
7 3 32
7 4 32
7 5 53
7 6 53
7 7 53
7 8 53
7 9 53
7 10 53
7 11 32
7 12 32
7 13 32
7 14 32
7 15 53
7 16 53
7 17 53
7 18 53
8 0 53
8 1 32
8 2 32
8 3 32
8 4 32
8 5 32
8 6 32
8 7 32
8 8 32
8 9 32
8 10 32
8 11 32
8 12 32
8 13 32
8 14 32
8 15 53
9 0 53
9 1 32
9 2 32
9 3 32
9 4 32
9 5 32
9 6 32
9 7 32
9 8 32
9 9 32
9 10 32
9 11 32
9 12 32
9 13 32
9 14 32
9 15 53
10 0 53
10 1 32
10 2 32
10 3 32
10 4 32
10 5 32
10 6 32
10 7 32
10 8 32
10 9 32
10 10 32
10 11 32
10 12 32
10 13 32
10 14 32
10 15 53
11 1 53
11 2 32
11 3 32
11 4 32
11 5 32
11 6 32
11 7 32
11 8 32
11 9 32
11 10 32
11 11 32
11 12 32
11 13 32
11 14 53
12 2 53
12 3 32
12 4 32
12 5 32
12 6 32
12 7 32
12 8 32
12 9 32
12 10 32
12 11 32
12 12 32
12 13 53
13 3 53
13 4 53
13 5 32
13 6 32
13 7 32
13 8 32
13 9 32
13 10 32
13 11 53
13 12 53
14 5 53
14 6 53
14 7 53
14 8 53
14 9 53
14 10 53
15 1 53
15 2 53
15 3 53
15 4 53
15 5 53
15 6 53
15 7 53
15 8 53
15 9 53
15 10 53
15 11 53
15 12 53
15 13 53
15 14 53
15 15 53
15 16 53
15 17 53
15 18 53
16 0 53
16 1 32
16 2 32
16 3 32
16 4 32
16 5 32
16 6 32
16 7 32
16 8 32
16 9 32
16 10 32
16 11 32
16 12 32
16 13 32
16 14 32
16 15 32
16 16 32
16 17 32
16 18 32
16 19 53
17 0 53
17 1 32
17 2 32
17 3 32
17 4 32
17 5 32
17 6 32
17 7 32
17 8 32
17 9 32
17 10 32
17 11 32
17 12 32
17 13 32
17 14 32
17 15 32
17 16 32
17 17 32
17 18 32
17 19 53
18 0 53
18 1 32
18 2 32
18 3 32
18 4 32
18 5 32
18 6 32
18 7 32
18 8 32
18 9 32
18 10 32
18 11 32
18 12 32
18 13 32
18 14 32
18 15 32
18 16 32
18 17 32
18 18 32
18 19 53
19 0 53
19 1 32
19 2 32
19 3 32
19 4 32
19 5 32
19 6 32
19 7 32
19 8 32
19 9 32
19 10 32
19 11 32
19 12 32
19 13 32
19 14 32
19 15 32
19 16 32
19 17 32
19 18 32
19 19 53
20 0 53
20 1 32
20 2 32
20 3 32
20 4 32
20 5 32
20 6 32
20 7 32
20 8 32
20 9 32
20 10 32
20 11 32
20 12 32
20 13 32
20 14 32
20 15 32
20 16 32
20 17 32
20 18 32
20 19 53
21 0 53
21 1 32
21 2 32
21 3 32
21 4 32
21 5 32
21 6 32
21 7 32
21 8 32
21 9 32
21 10 32
21 11 32
21 12 32
21 13 32
21 14 32
21 15 32
21 16 32
21 17 32
21 18 32
21 19 53
22 0 53
22 1 32
22 2 32
22 3 32
22 4 32
22 5 32
22 6 32
22 7 32
22 8 32
22 9 32
22 10 32
22 11 32
22 12 32
22 13 32
22 14 32
22 15 32
22 16 32
22 17 32
22 18 32
22 19 53
23 0 53
23 1 32
23 2 32
23 3 32
23 4 32
23 5 53
23 6 53
23 7 53
23 8 53
23 9 53
23 10 53
23 11 53
23 12 32
23 13 32
23 14 32
23 15 32
23 16 32
23 17 53
23 18 53
24 0 53
24 1 32
24 2 32
24 3 32
24 4 32
24 5 32
24 6 32
24 7 32
24 8 32
24 9 32
24 10 32
24 11 32
24 12 32
24 13 32
24 14 32
24 15 32
24 16 32
24 17 32
24 18 32
24 19 53
25 1 53
25 2 32
25 3 32
25 4 32
25 5 32
25 6 32
25 7 32
25 8 32
25 9 32
25 10 32
25 11 32
25 12 32
25 13 32
25 14 32
25 15 32
25 16 32
25 17 32
25 18 32
25 19 53
26 1 53
26 2 32
26 3 32
26 4 32
26 5 32
26 6 32
26 7 32
26 8 32
26 9 32
26 10 32
26 11 32
26 12 32
26 13 32
26 14 32
26 15 32
26 16 32
26 17 32
26 18 32
26 19 53
27 2 53
27 3 32
27 4 32
27 5 32
27 6 32
27 7 32
27 8 32
27 9 32
27 10 32
27 11 32
27 12 32
27 13 32
27 14 32
27 15 32
27 16 32
27 17 32
27 18 32
27 19 53
28 3 53
28 4 32
28 5 32
28 6 32
28 7 32
28 8 32
28 9 32
28 10 32
28 11 32
28 12 32
28 13 32
28 14 32
28 15 32
28 16 32
28 17 32
28 18 32
28 19 53
29 4 53
29 5 53
29 6 32
29 7 32
29 8 32
29 9 32
29 10 32
29 11 32
29 12 32
29 13 32
29 14 32
29 15 32
29 16 32
29 17 32
29 18 32
29 19 53
30 6 53
30 7 53
30 8 53
30 9 53
30 10 53
30 11 53
30 12 53
30 13 53
30 14 53
30 15 53
30 16 53
30 17 53
30 18 53
31 1 53
31 2 53
31 3 53
31 4 53
31 5 53
31 6 53
31 7 53
31 8 53
31 9 53
31 10 53
31 11 53
31 12 53
31 13 53
31 14 53
31 15 53
31 16 53
32 0 53
32 1 32
32 2 32
32 3 32
32 4 32
32 5 32
32 6 32
32 7 32
32 8 32
32 9 32
32 10 32
32 11 32
32 12 32
32 13 32
32 14 32
32 15 32
32 16 32
32 17 53
33 0 53
33 1 32
33 2 32
33 3 32
33 4 32
33 5 32
33 6 32
33 7 32
33 8 32
33 9 32
33 10 32
33 11 32
33 12 32
33 13 32
33 14 32
33 15 32
33 16 32
33 17 32
33 18 53
34 0 53
34 1 32
34 2 32
34 3 32
34 4 32
34 5 32
34 6 32
34 7 32
34 8 32
34 9 32
34 10 32
34 11 32
34 12 32
34 13 32
34 14 32
34 15 32
34 16 32
34 17 32
34 18 32
34 19 53
35 0 53
35 1 32
35 2 32
35 3 32
35 4 32
35 5 32
35 6 32
35 7 32
35 8 32
35 9 32
35 10 32
35 11 32
35 12 32
35 13 32
35 14 32
35 15 32
35 16 32
35 17 32
35 18 32
35 19 53
36 0 53
36 1 32
36 2 32
36 3 32
36 4 32
36 5 32
36 6 32
36 7 32
36 8 32
36 9 32
36 10 32
36 11 32
36 12 32
36 13 32
36 14 32
36 15 32
36 16 32
36 17 32
36 18 32
36 19 53
37 0 53
37 1 32
37 2 32
37 3 32
37 4 32
37 5 32
37 6 32
37 7 32
37 8 32
37 9 32
37 10 32
37 11 32
37 12 32
37 13 32
37 14 32
37 15 32
37 16 32
37 17 32
37 18 32
37 19 53
38 0 53
38 1 32
38 2 32
38 3 32
38 4 32
38 5 32
38 6 32
38 7 32
38 8 32
38 9 32
38 10 32
38 11 32
38 12 32
38 13 32
38 14 32
38 15 32
38 16 32
38 17 32
38 18 32
38 19 53
39 1 53
39 2 53
39 3 53
39 4 53
39 5 53
39 6 53
39 7 53
39 8 53
39 9 53
39 10 53
39 11 53
39 12 53
39 13 53
39 14 53
39 15 32
39 16 32
39 17 32
39 18 32
39 19 53
40 0 53
40 1 32
40 2 32
40 3 32
40 4 32
40 5 32
40 6 32
40 7 32
40 8 32
40 9 32
40 10 32
40 11 32
40 12 32
40 13 32
40 14 32
40 15 32
40 16 32
40 17 32
40 18 32
40 19 53
41 0 53
41 1 32
41 2 32
41 3 32
41 4 32
41 5 32
41 6 32
41 7 32
41 8 32
41 9 32
41 10 32
41 11 32
41 12 32
41 13 32
41 14 32
41 15 32
41 16 32
41 17 32
41 18 32
41 19 53
42 0 53
42 1 32
42 2 32
42 3 32
42 4 32
42 5 32
42 6 32
42 7 32
42 8 32
42 9 32
42 10 32
42 11 32
42 12 32
42 13 32
42 14 32
42 15 32
42 16 32
42 17 32
42 18 32
42 19 53
43 0 53
43 1 32
43 2 32
43 3 32
43 4 32
43 5 32
43 6 32
43 7 32
43 8 32
43 9 32
43 10 32
43 11 32
43 12 32
43 13 32
43 14 32
43 15 32
43 16 32
43 17 32
43 18 32
43 19 53
44 0 53
44 1 32
44 2 32
44 3 32
44 4 32
44 5 32
44 6 32
44 7 32
44 8 32
44 9 32
44 10 32
44 11 32
44 12 32
44 13 32
44 14 32
44 15 32
44 16 32
44 17 32
44 18 53
45 0 53
45 1 32
45 2 32
45 3 32
45 4 32
45 5 32
45 6 32
45 7 32
45 8 32
45 9 32
45 10 32
45 11 32
45 12 32
45 13 32
45 14 32
45 15 32
45 16 32
45 17 53
46 1 53
46 2 53
46 3 53
46 4 53
46 5 53
46 6 53
46 7 53
46 8 53
46 9 53
46 10 53
46 11 53
46 12 53
46 13 53
46 14 53
46 15 53
46 16 53
47 3 53
47 4 53
47 5 53
47 6 53
47 7 53
47 15 53
47 16 53
47 17 53
47 18 53
48 2 53
48 3 32
48 4 32
48 5 32
48 6 32
48 7 32
48 8 53
48 14 53
48 15 32
48 16 32
48 17 32
48 18 32
48 19 53
49 1 53
49 2 32
49 3 32
49 4 32
49 5 32
49 6 32
49 7 32
49 8 32
49 9 53
49 10 53
49 14 53
49 15 32
49 16 32
49 17 32
49 18 32
49 19 53
50 1 53
50 2 32
50 3 32
50 4 32
50 5 32
50 6 32
50 7 32
50 8 32
50 9 32
50 10 32
50 11 53
50 12 53
50 14 53
50 15 32
50 16 32
50 17 32
50 18 32
50 19 53
51 0 53
51 1 32
51 2 32
51 3 32
51 4 32
51 5 32
51 6 32
51 7 32
51 8 32
51 9 32
51 10 32
51 11 32
51 12 32
51 13 53
51 14 53
51 15 32
51 16 32
51 17 32
51 18 32
51 19 53
52 0 53
52 1 32
52 2 32
52 3 32
52 4 32
52 5 32
52 6 32
52 7 32
52 8 32
52 9 32
52 10 32
52 11 32
52 12 32
52 13 32
52 14 32
52 15 32
52 16 32
52 17 32
52 18 32
52 19 53
53 0 53
53 1 32
53 2 32
53 3 32
53 4 32
53 5 32
53 6 32
53 7 32
53 8 32
53 9 32
53 10 32
53 11 32
53 12 32
53 13 32
53 14 32
53 15 32
53 16 32
53 17 32
53 18 32
53 19 53
54 0 53
54 1 32
54 2 32
54 3 32
54 4 32
54 5 32
54 6 32
54 7 32
54 8 32
54 9 32
54 10 32
54 11 32
54 12 32
54 13 32
54 14 32
54 15 32
54 16 32
54 17 32
54 18 32
54 19 53
55 0 53
55 1 32
55 2 32
55 3 32
55 4 32
55 5 32
55 6 32
55 7 32
55 8 32
55 9 32
55 10 32
55 11 32
55 12 32
55 13 32
55 14 32
55 15 32
55 16 32
55 17 32
55 18 32
55 19 53
56 0 53
56 1 32
56 2 32
56 3 32
56 4 32
56 5 32
56 6 32
56 7 32
56 8 32
56 9 32
56 10 32
56 11 32
56 12 32
56 13 32
56 14 32
56 15 32
56 16 32
56 17 32
56 18 32
56 19 53
57 0 53
57 1 32
57 2 32
57 3 32
57 4 32
57 5 32
57 6 32
57 7 32
57 8 32
57 9 32
57 10 32
57 11 32
57 12 32
57 13 32
57 14 32
57 15 32
57 16 32
57 17 32
57 18 32
57 19 53
58 0 53
58 1 32
58 2 32
58 3 32
58 4 32
58 5 53
58 6 53
58 7 32
58 8 32
58 9 32
58 10 32
58 11 32
58 12 32
58 13 32
58 14 32
58 15 32
58 16 32
58 17 32
58 18 32
58 19 53
59 0 53
59 1 32
59 2 32
59 3 32
59 4 32
59 5 53
59 7 53
59 8 53
59 9 32
59 10 32
59 11 32
59 12 32
59 13 32
59 14 32
59 15 32
59 16 32
59 17 32
59 18 53
60 0 53
60 1 32
60 2 32
60 3 32
60 4 32
60 5 53
60 9 53
60 10 53
60 11 32
60 12 32
60 13 32
60 14 32
60 15 32
60 16 32
60 17 32
60 18 53
61 0 53
61 1 32
61 2 32
61 3 32
61 4 32
61 5 53
61 11 53
61 12 32
61 13 32
61 14 32
61 15 32
61 16 32
61 17 53
62 1 53
62 2 53
62 3 53
62 4 53
62 12 53
62 13 53
62 14 53
62 15 53
62 16 53
63 1 53
63 2 53
63 3 53
63 4 53
63 5 53
63 6 53
63 7 53
63 8 53
63 9 53
63 10 53
63 11 53
63 12 53
63 13 53
63 14 53
63 15 53
63 16 53
63 17 53
63 18 53
64 0 53
64 1 32
64 2 32
64 3 32
64 4 32
64 5 32
64 6 32
64 7 32
64 8 32
64 9 32
64 10 32
64 11 32
64 12 32
64 13 32
64 14 32
64 15 32
64 16 32
64 17 32
64 18 32
64 19 53
65 0 53
65 1 32
65 2 32
65 3 32
65 4 32
65 5 32
65 6 32
65 7 32
65 8 32
65 9 32
65 10 32
65 11 32
65 12 32
65 13 32
65 14 32
65 15 32
65 16 32
65 17 32
65 18 32
65 19 53
66 0 53
66 1 32
66 2 32
66 3 32
66 4 32
66 5 32
66 6 32
66 7 32
66 8 32
66 9 32
66 10 32
66 11 32
66 12 32
66 13 32
66 14 32
66 15 32
66 16 32
66 17 32
66 18 32
66 19 53
67 0 53
67 1 32
67 2 32
67 3 32
67 4 32
67 5 32
67 6 32
67 7 32
67 8 32
67 9 32
67 10 32
67 11 32
67 12 32
67 13 32
67 14 32
67 15 32
67 16 32
67 17 32
67 18 32
67 19 53
68 0 53
68 1 32
68 2 32
68 3 32
68 4 32
68 5 32
68 6 32
68 7 32
68 8 32
68 9 32
68 10 32
68 11 32
68 12 32
68 13 32
68 14 32
68 15 32
68 16 32
68 17 32
68 18 32
68 19 53
69 0 53
69 1 32
69 2 32
69 3 32
69 4 32
69 5 32
69 6 32
69 7 32
69 8 32
69 9 32
69 10 32
69 11 32
69 12 32
69 13 32
69 14 32
69 15 32
69 16 32
69 17 32
69 18 32
69 19 53
70 0 53
70 1 32
70 2 32
70 3 32
70 4 32
70 5 32
70 6 32
70 7 32
70 8 32
70 9 32
70 10 32
70 11 32
70 12 32
70 13 32
70 14 32
70 15 32
70 16 32
70 17 32
70 18 32
70 19 53
71 0 53
71 1 32
71 2 32
71 3 32
71 4 32
71 5 32
71 6 32
71 7 32
71 8 32
71 9 32
71 10 32
71 11 32
71 12 32
71 13 32
71 14 32
71 15 32
71 16 32
71 17 32
71 18 32
71 19 53
72 0 53
72 1 32
72 2 32
72 3 32
72 4 32
72 5 53
72 6 53
72 7 53
72 8 32
72 9 32
72 10 32
72 11 32
72 12 53
72 13 53
72 14 53
72 15 32
72 16 32
72 17 32
72 18 32
72 19 53
73 0 53
73 1 32
73 2 32
73 3 32
73 4 32
73 5 53
73 7 53
73 8 32
73 9 32
73 10 32
73 11 32
73 12 53
73 14 53
73 15 32
73 16 32
73 17 32
73 18 32
73 19 53
74 0 53
74 1 32
74 2 32
74 3 32
74 4 32
74 5 53
74 7 53
74 8 32
74 9 32
74 10 32
74 11 32
74 12 53
74 14 53
74 15 32
74 16 32
74 17 32
74 18 32
74 19 53
75 0 53
75 1 32
75 2 32
75 3 32
75 4 32
75 5 53
75 7 53
75 8 32
75 9 32
75 10 32
75 11 32
75 12 53
75 14 53
75 15 32
75 16 32
75 17 32
75 18 32
75 19 53
76 1 53
76 2 53
76 3 53
76 4 53
76 8 53
76 9 53
76 10 53
76 11 53
76 15 53
76 16 53
76 17 53
76 18 53
999 999 999
