0 1 31
0 2 31
0 3 31
0 7 31
1 0 31
1 1 31
1 2 31
1 3 31
1 4 31
1 8 31
2 0 31
2 4 31
2 8 31
3 0 31
3 4 31
3 8 31
4 0 31
4 4 31
4 8 31
5 0 31
5 4 31
5 5 31
5 6 31
5 7 31
5 8 31
6 1 31
6 5 31
6 6 31
6 7 31
9 2 31
9 3 31
9 4 31
9 5 31
9 6 31
10 1 31
10 2 31
10 3 31
10 4 31
10 5 31
10 6 31
10 7 31
11 0 31
11 1 31
11 7 31
11 8 31
12 0 31
12 8 31
13 0 31
13 8 31
14 0 31
14 8 31
15 1 31
15 7 31
18 2 31
18 3 31
18 4 31
18 5 31
18 6 31
19 1 31
19 2 31
19 3 31
19 4 31
19 5 31
19 6 31
19 7 31
20 0 31
20 1 31
20 7 31
20 8 31
21 0 31
21 8 31
22 0 31
22 1 31
22 7 31
22 8 31
23 1 31
23 2 31
23 3 31
23 4 31
23 5 31
23 6 31
23 7 31
24 2 31
24 3 31
24 4 31
24 5 31
24 6 31
27 0 31
27 1 31
27 2 31
27 3 31
27 4 31
27 5 31
27 6 31
27 7 31
27 8 31
28 0 31
28 4 31
29 0 31
29 4 31
29 5 31
30 0 31
30 4 31
30 5 31
30 6 31
31 0 31
31 4 31
31 6 31
31 7 31
32 0 31
32 1 31
32 2 31
32 3 31
32 4 31
32 7 31
32 8 31
33 1 31
33 2 31
33 3 31
33 8 31
36 0 31
36 1 31
36 2 31
36 3 31
36 4 31
36 5 31
36 6 31
36 7 31
36 8 31
37 0 31
37 1 31
37 2 31
37 3 31
37 4 31
37 5 31
37 6 31
37 7 31
37 8 31
38 0 31
38 4 31
38 8 31
39 0 31
39 4 31
39 8 31
40 0 31
40 4 31
40 8 31
41 0 31
41 4 31
41 8 31
44 2 31
44 3 31
44 7 31
44 8 31
45 2 31
45 3 31
45 7 31
45 8 31
999 999 999
