2 4 44
2 5 44
2 6 44
3 1 26
3 4 42
3 5 42
3 6 42
4 1 26
4 2 26
4 4 40
4 5 40
4 6 40
5 1 26
5 2 26
5 3 26
5 4 22
5 5 22
5 6 22
6 1 29
6 2 29
6 3 26
6 4 26
6 5 22
6 6 22
7 1 29
7 2 29
7 3 29
7 4 26
7 5 26
7 6 22
8 2 15
8 3 29
8 4 29
8 5 26
8 6 26
9 2 15
9 3 15
9 4 29
9 5 29
9 6 26
9 7 22
10 3 15
10 4 29
10 5 29
10 6 26
10 7 22
11 3 15
11 4 15
11 5 29
11 6 26
11 7 22
12 3 15
12 4 15
12 5 29
12 6 26
12 7 22
13 4 15
13 5 29
13 6 26
13 7 22
13 9 22
14 4 15
14 5 29
14 6 26
14 7 22
14 9 22
15 4 15
15 5 29
15 6 26
15 7 22
15 8 26
15 9 22
16 2 26
16 4 15
16 5 29
16 6 26
16 7 22
16 8 26
16 9 22
17 2 26
17 4 15
17 5 29
17 6 26
17 7 29
17 8 26
17 9 22
18 2 26
18 3 29
18 4 15
18 5 29
18 6 26
18 7 29
18 8 26
18 9 22
19 2 26
19 3 29
19 4 15
19 5 29
19 6 15
19 7 29
19 8 26
19 9 22
20 2 26
20 3 29
20 4 15
20 5 29
20 6 15
20 7 29
20 8 26
20 9 22
21 2 26
21 3 29
21 4 15
21 5 29
21 6 15
21 7 29
21 8 26
21 9 22
22 2 26
22 3 29
22 4 15
22 5 29
22 6 15
22 7 29
22 8 26
22 9 26
23 2 26
23 3 29
23 4 15
23 5 29
23 6 15
23 7 29
23 8 26
24 2 26
24 3 29
24 4 15
24 5 29
24 6 15
24 7 29
24 8 26
25 2 29
25 3 29
25 4 15
25 5 29
25 6 15
25 7 29
25 8 26
26 3 29
26 4 15
26 5 29
26 6 15
26 7 29
26 8 29
27 3 29
27 4 15
27 5 29
27 6 15
27 7 29
28 3 29
28 4 15
28 5 29
28 6 15
28 7 29
29 3 15
29 4 15
29 5 29
29 6 15
29 7 29
30 4 15
30 5 29
30 6 15
30 7 15
31 4 15
31 5 29
31 6 15
31 7 22
32 4 15
32 5 29
32 6 15
32 7 22
33 4 15
33 5 29
33 6 15
33 7 22
34 4 15
34 5 29
34 6 15
34 7 22
35 4 15
35 5 29
35 6 26
35 7 22
36 4 15
36 5 76
36 6 26
36 7 22
37 4 76
37 5 76
37 6 26
37 7 22
38 4 76
38 5 76
38 6 26
38 7 22
39 4 76
39 5 26
39 6 26
39 7 22
40 4 29
40 5 26
40 6 26
40 7 22
41 4 29
41 5 76
41 6 26
41 7 22
42 4 76
42 5 76
42 6 26
42 7 22
43 4 76
43 5 76
43 6 26
43 7 22
44 5 76
44 6 26
44 7 22
45 5 76
45 6 26
999 999 999
