0 4 53
0 5 53
0 6 53
0 7 53
0 8 53
1 3 53
1 4 32
1 5 32
1 6 32
1 7 32
1 8 32
1 9 53
2 2 53
2 3 32
2 4 32
2 5 32
2 6 32
2 7 32
2 8 32
2 9 32
2 10 53
3 1 53
3 2 32
3 3 32
3 4 53
3 5 32
3 6 53
3 7 53
3 8 53
3 9 32
3 10 53
4 0 53
4 1 32
4 2 32
4 3 53
4 4 53
4 5 32
4 6 53
4 8 53
4 9 32
4 10 53
5 0 53
5 1 32
5 2 53
5 4 53
5 5 32
5 6 53
5 7 53
5 8 53
5 9 32
5 10 53
6 1 53
6 4 53
6 5 32
6 6 32
6 7 32
6 8 32
6 9 32
6 10 53
7 5 53
7 6 32
7 7 32
7 8 32
7 9 53
8 6 53
8 7 53
8 8 53
999 999 999
