0 1 53
0 2 53
0 5 53
0 6 53
0 9 53
0 10 53
1 0 53
1 1 32
1 2 53
1 4 53
1 5 32
1 6 53
1 8 53
1 9 32
1 10 53
2 0 53
2 1 32
2 2 53
2 3 53
2 4 32
2 5 32
2 6 53
2 8 53
2 9 32
2 10 53
3 0 53
3 1 32
3 2 53
3 3 32
3 4 32
3 5 32
3 6 53
3 7 53
3 8 32
3 9 32
3 10 53
4 0 53
4 1 32
4 2 32
4 3 32
4 4 53
4 5 32
4 6 53
4 7 32
4 8 32
4 9 53
5 0 53
5 1 32
5 2 32
5 3 53
5 4 53
5 5 32
5 6 32
5 7 32
5 8 53
6 0 53
6 1 32
6 2 53
6 5 53
6 6 32
6 7 53
7 1 53
7 6 53
999 999 999
