1 2 53
1 3 53
1 9 53
1 10 53
2 1 53
2 2 32
2 3 53
2 8 53
2 9 32
2 10 53
3 0 53
3 1 32
3 2 53
3 7 53
3 8 32
3 9 32
3 10 53
4 0 53
4 1 32
4 2 53
4 6 53
4 7 32
4 8 32
4 9 32
4 10 53
5 0 53
5 1 32
5 2 53
5 5 53
5 6 32
5 7 32
5 8 53
5 9 32
5 10 53
6 0 53
6 1 32
6 2 32
6 3 53
6 4 53
6 5 32
6 6 32
6 7 53
6 8 53
6 9 32
6 10 53
7 1 53
7 2 32
7 3 32
7 4 32
7 5 32
7 6 53
7 8 53
7 9 32
7 10 53
8 2 53
8 3 32
8 4 32
8 5 53
8 8 53
8 9 32
8 10 53
9 3 53
9 4 53
9 9 53
999 999 999
